   3.9062500e-03  -0.0000000e+00   4.8317644e-02  -0.0000000e+00   2.1608307e-01  -0.0000000e+00   5.3222567e-01  -0.0000000e+00   8.1712551e-01   0.0000000e+00   0.0000000e+00   0.0000000e+00   0.0000000e+00   0.0000000e+00   0.0000000e+00   0.0000000e+00   0.0000000e+00   0.0000000e+00   0.0000000e+00
   0.0000000e+00  -6.2500000e-02   0.0000000e+00  -3.1560953e-01   0.0000000e+00  -6.8179451e-01   0.0000000e+00  -6.5699363e-01   0.0000000e+00   0.0000000e+00   0.0000000e+00   0.0000000e+00   0.0000000e+00   0.0000000e+00   0.0000000e+00   0.0000000e+00   0.0000000e+00   0.0000000e+00   0.0000000e+00
   4.8317644e-02  -0.0000000e+00   3.4765625e-01  -0.0000000e+00   7.1624052e-01  -0.0000000e+00   3.8725105e-01   0.0000000e+00  -4.6242477e-01   0.0000000e+00   0.0000000e+00   0.0000000e+00   0.0000000e+00   0.0000000e+00   0.0000000e+00   0.0000000e+00   0.0000000e+00   0.0000000e+00   0.0000000e+00
   0.0000000e+00  -3.1560953e-01   0.0000000e+00  -7.1875000e-01   0.0000000e+00  -2.0252315e-01  -0.0000000e+00   5.8546856e-01  -0.0000000e+00   0.0000000e+00   0.0000000e+00   0.0000000e+00   0.0000000e+00   0.0000000e+00   0.0000000e+00   0.0000000e+00   0.0000000e+00   0.0000000e+00   0.0000000e+00
   2.1608307e-01  -0.0000000e+00   7.1624052e-01  -0.0000000e+00   1.4062500e-01   0.0000000e+00  -5.7727979e-01   0.0000000e+00   2.9543235e-01   0.0000000e+00   0.0000000e+00   0.0000000e+00   0.0000000e+00   0.0000000e+00   0.0000000e+00   0.0000000e+00   0.0000000e+00   0.0000000e+00   0.0000000e+00
   0.0000000e+00  -6.8179451e-01   0.0000000e+00  -2.0252315e-01  -0.0000000e+00   5.6250000e-01  -0.0000000e+00  -4.2158555e-01   0.0000000e+00   0.0000000e+00   0.0000000e+00   0.0000000e+00   0.0000000e+00   0.0000000e+00   0.0000000e+00   0.0000000e+00   0.0000000e+00   0.0000000e+00   0.0000000e+00
   5.3222567e-01  -0.0000000e+00   3.8725105e-01   0.0000000e+00  -5.7727979e-01   0.0000000e+00   4.5312500e-01  -0.0000000e+00  -1.6792332e-01   0.0000000e+00   0.0000000e+00   0.0000000e+00   0.0000000e+00   0.0000000e+00   0.0000000e+00   0.0000000e+00   0.0000000e+00   0.0000000e+00   0.0000000e+00
   0.0000000e+00  -6.5699363e-01  -0.0000000e+00   5.8546856e-01  -0.0000000e+00  -4.2158555e-01   0.0000000e+00   2.1875000e-01  -0.0000000e+00   0.0000000e+00   0.0000000e+00   0.0000000e+00   0.0000000e+00   0.0000000e+00   0.0000000e+00   0.0000000e+00   0.0000000e+00   0.0000000e+00   0.0000000e+00
   8.1712551e-01  -0.0000000e+00  -4.6242477e-01   0.0000000e+00   2.9543235e-01  -0.0000000e+00  -1.6792332e-01   0.0000000e+00   5.4687500e-02   0.0000000e+00   0.0000000e+00   0.0000000e+00   0.0000000e+00   0.0000000e+00   0.0000000e+00   0.0000000e+00   0.0000000e+00   0.0000000e+00   0.0000000e+00
   0.0000000e+00   0.0000000e+00   0.0000000e+00   0.0000000e+00   0.0000000e+00   0.0000000e+00   0.0000000e+00   0.0000000e+00   0.0000000e+00   0.0000000e+00   3.6685490e-01   0.0000000e+00  -3.7548796e-01   0.0000000e+00   3.9636409e-01   0.0000000e+00  -4.4314853e-01   0.0000000e+00   6.0904939e-01
   0.0000000e+00   0.0000000e+00   0.0000000e+00   0.0000000e+00   0.0000000e+00   0.0000000e+00   0.0000000e+00   0.0000000e+00   0.0000000e+00  -3.6685490e-01   0.0000000e+00   5.1301422e-01  -0.0000000e+00  -4.9435288e-01   0.0000000e+00   4.5768183e-01  -0.0000000e+00  -3.8519666e-01   0.0000000e+00
   0.0000000e+00   0.0000000e+00   0.0000000e+00   0.0000000e+00   0.0000000e+00   0.0000000e+00   0.0000000e+00   0.0000000e+00   0.0000000e+00   0.0000000e+00  -5.1301422e-01   0.0000000e+00   4.2961647e-01  -0.0000000e+00  -2.5194555e-01   0.0000000e+00  -5.6336739e-02  -0.0000000e+00   6.9684697e-01
   0.0000000e+00   0.0000000e+00   0.0000000e+00   0.0000000e+00   0.0000000e+00   0.0000000e+00   0.0000000e+00   0.0000000e+00   0.0000000e+00   3.7548796e-01  -0.0000000e+00  -4.2961647e-01   0.0000000e+00   1.3799626e-01  -0.0000000e+00   2.9810600e-01   0.0000000e+00  -7.5268076e-01   0.0000000e+00
   0.0000000e+00   0.0000000e+00   0.0000000e+00   0.0000000e+00   0.0000000e+00   0.0000000e+00   0.0000000e+00   0.0000000e+00   0.0000000e+00   0.0000000e+00   4.9435288e-01  -0.0000000e+00  -1.3799626e-01   0.0000000e+00  -3.9218439e-01  -0.0000000e+00   6.7232906e-01  -0.0000000e+00   3.6157614e-01
   0.0000000e+00   0.0000000e+00   0.0000000e+00   0.0000000e+00   0.0000000e+00   0.0000000e+00   0.0000000e+00   0.0000000e+00   0.0000000e+00  -3.9636409e-01   0.0000000e+00   2.5194555e-01  -0.0000000e+00   3.9218439e-01   0.0000000e+00  -6.0515365e-01   0.0000000e+00  -5.0931269e-01   0.0000000e+00
   0.0000000e+00   0.0000000e+00   0.0000000e+00   0.0000000e+00   0.0000000e+00   0.0000000e+00   0.0000000e+00   0.0000000e+00   0.0000000e+00   0.0000000e+00  -4.5768183e-01   0.0000000e+00  -2.9810600e-01  -0.0000000e+00   6.0515365e-01  -0.0000000e+00   5.6832917e-01  -0.0000000e+00   1.1158482e-01
   0.0000000e+00   0.0000000e+00   0.0000000e+00   0.0000000e+00   0.0000000e+00   0.0000000e+00   0.0000000e+00   0.0000000e+00   0.0000000e+00   4.4314853e-01  -0.0000000e+00   5.6336739e-02   0.0000000e+00  -6.7232906e-01   0.0000000e+00  -5.6832917e-01   0.0000000e+00  -1.5944009e-01   0.0000000e+00
   0.0000000e+00   0.0000000e+00   0.0000000e+00   0.0000000e+00   0.0000000e+00   0.0000000e+00   0.0000000e+00   0.0000000e+00   0.0000000e+00   0.0000000e+00   3.8519666e-01  -0.0000000e+00   7.5268076e-01  -0.0000000e+00   5.0931269e-01  -0.0000000e+00   1.5944009e-01  -0.0000000e+00   1.6572815e-02
   0.0000000e+00   0.0000000e+00   0.0000000e+00   0.0000000e+00   0.0000000e+00   0.0000000e+00   0.0000000e+00   0.0000000e+00   0.0000000e+00  -6.0904939e-01   0.0000000e+00  -6.9684697e-01   0.0000000e+00  -3.6157614e-01   0.0000000e+00  -1.1158482e-01   0.0000000e+00  -1.6572815e-02   0.0000000e+00
