   1.5260937e-05  -0.0000000e+00   3.6141110e-04  -0.0000000e+00   3.2859936e-03  -0.0000000e+00   1.7695617e-02  -0.0000000e+00   6.5017849e-02  -0.0000000e+00   1.7473022e-01  -0.0000000e+00   3.5731446e-01  -0.0000000e+00   5.6929306e-01  -0.0000000e+00   7.1634472e-01   0.0000000e+00   0.0000000e+00   0.0000000e+00   0.0000000e+00   0.0000000e+00   0.0000000e+00   0.0000000e+00   0.0000000e+00   0.0000000e+00   0.0000000e+00   0.0000000e+00   0.0000000e+00   0.0000000e+00   0.0000000e+00   0.0000000e+00   0.0000000e+00   0.0000000e+00   0.0000000e+00
   0.0000000e+00  -4.8828106e-04   0.0000000e+00  -5.6680599e-03   0.0000000e+00  -3.3129442e-02   0.0000000e+00  -1.2139093e-01   0.0000000e+00  -3.0323445e-01   0.0000000e+00  -5.3115232e-01   0.0000000e+00  -6.3773578e-01   0.0000000e+00  -4.5094730e-01   0.0000000e+00   0.0000000e+00   0.0000000e+00   0.0000000e+00   0.0000000e+00   0.0000000e+00   0.0000000e+00   0.0000000e+00   0.0000000e+00   0.0000000e+00   0.0000000e+00   0.0000000e+00   0.0000000e+00   0.0000000e+00   0.0000000e+00   0.0000000e+00   0.0000000e+00   0.0000000e+00   0.0000000e+00
   3.6141110e-04  -0.0000000e+00   6.6070557e-03  -0.0000000e+00   4.4533857e-02  -0.0000000e+00   1.6809965e-01  -0.0000000e+00   3.9803308e-01  -0.0000000e+00   5.9754636e-01  -0.0000000e+00   4.9783234e-01  -0.0000000e+00   2.4035572e-02   0.0000000e+00  -4.5366147e-01   0.0000000e+00   0.0000000e+00   0.0000000e+00   0.0000000e+00   0.0000000e+00   0.0000000e+00   0.0000000e+00   0.0000000e+00   0.0000000e+00   0.0000000e+00   0.0000000e+00   0.0000000e+00   0.0000000e+00   0.0000000e+00   0.0000000e+00   0.0000000e+00   0.0000000e+00   0.0000000e+00
   0.0000000e+00  -5.6680599e-03   0.0000000e+00  -4.8706055e-02   0.0000000e+00  -1.9811324e-01   0.0000000e+00  -4.5750929e-01   0.0000000e+00  -5.9428607e-01   0.0000000e+00  -2.9360549e-01   0.0000000e+00   2.8842686e-01  -0.0000000e+00   4.7588004e-01  -0.0000000e+00   0.0000000e+00   0.0000000e+00   0.0000000e+00   0.0000000e+00   0.0000000e+00   0.0000000e+00   0.0000000e+00   0.0000000e+00   0.0000000e+00   0.0000000e+00   0.0000000e+00   0.0000000e+00   0.0000000e+00   0.0000000e+00   0.0000000e+00   0.0000000e+00   0.0000000e+00   0.0000000e+00
   3.2859936e-03  -0.0000000e+00   4.4533857e-02  -0.0000000e+00   2.0837402e-01  -0.0000000e+00   4.8842498e-01  -0.0000000e+00   5.6277120e-01  -0.0000000e+00   1.1034694e-01   0.0000000e+00  -4.3803406e-01   0.0000000e+00  -2.7493029e-01  -0.0000000e+00   3.4594636e-01   0.0000000e+00   0.0000000e+00   0.0000000e+00   0.0000000e+00   0.0000000e+00   0.0000000e+00   0.0000000e+00   0.0000000e+00   0.0000000e+00   0.0000000e+00   0.0000000e+00   0.0000000e+00   0.0000000e+00   0.0000000e+00   0.0000000e+00   0.0000000e+00   0.0000000e+00   0.0000000e+00
   0.0000000e+00  -3.3129442e-02   0.0000000e+00  -1.9811324e-01   0.0000000e+00  -4.9780273e-01   0.0000000e+00  -5.3298216e-01   0.0000000e+00   2.0111617e-02  -0.0000000e+00   4.7362039e-01  -0.0000000e+00   4.2296967e-02   0.0000000e+00  -4.4862708e-01   0.0000000e+00   0.0000000e+00   0.0000000e+00   0.0000000e+00   0.0000000e+00   0.0000000e+00   0.0000000e+00   0.0000000e+00   0.0000000e+00   0.0000000e+00   0.0000000e+00   0.0000000e+00   0.0000000e+00   0.0000000e+00   0.0000000e+00   0.0000000e+00   0.0000000e+00   0.0000000e+00   0.0000000e+00
   1.7695617e-02  -0.0000000e+00   1.6809965e-01  -0.0000000e+00   4.8842498e-01  -0.0000000e+00   5.2136230e-01  -0.0000000e+00  -9.4636658e-02   0.0000000e+00  -4.5682680e-01   0.0000000e+00   1.3556814e-01  -0.0000000e+00   3.8879030e-01  -0.0000000e+00  -2.7178726e-01   0.0000000e+00   0.0000000e+00   0.0000000e+00   0.0000000e+00   0.0000000e+00   0.0000000e+00   0.0000000e+00   0.0000000e+00   0.0000000e+00   0.0000000e+00   0.0000000e+00   0.0000000e+00   0.0000000e+00   0.0000000e+00   0.0000000e+00   0.0000000e+00   0.0000000e+00   0.0000000e+00
   0.0000000e+00  -1.2139093e-01   0.0000000e+00  -4.5750929e-01   0.0000000e+00  -5.3298216e-01   0.0000000e+00   1.1853027e-01  -0.0000000e+00   4.3147813e-01  -0.0000000e+00  -2.4480729e-01   0.0000000e+00  -2.7255461e-01  -0.0000000e+00   3.9678720e-01  -0.0000000e+00   0.0000000e+00   0.0000000e+00   0.0000000e+00   0.0000000e+00   0.0000000e+00   0.0000000e+00   0.0000000e+00   0.0000000e+00   0.0000000e+00   0.0000000e+00   0.0000000e+00   0.0000000e+00   0.0000000e+00   0.0000000e+00   0.0000000e+00   0.0000000e+00   0.0000000e+00   0.0000000e+00
   6.5017849e-02  -0.0000000e+00   3.9803308e-01  -0.0000000e+00   5.6277120e-01  -0.0000000e+00  -9.4636658e-02   0.0000000e+00  -4.2071533e-01   0.0000000e+00   2.9967743e-01  -0.0000000e+00   1.6603638e-01   0.0000000e+00  -4.1524496e-01   0.0000000e+00   2.1182640e-01   0.0000000e+00   0.0000000e+00   0.0000000e+00   0.0000000e+00   0.0000000e+00   0.0000000e+00   0.0000000e+00   0.0000000e+00   0.0000000e+00   0.0000000e+00   0.0000000e+00   0.0000000e+00   0.0000000e+00   0.0000000e+00   0.0000000e+00   0.0000000e+00   0.0000000e+00   0.0000000e+00
   0.0000000e+00  -3.0323445e-01   0.0000000e+00  -5.9428607e-01   0.0000000e+00   2.0111617e-02  -0.0000000e+00   4.3147813e-01  -0.0000000e+00  -3.1591797e-01   0.0000000e+00  -9.7217336e-02  -0.0000000e+00   3.8714499e-01  -0.0000000e+00  -3.3039137e-01   0.0000000e+00   0.0000000e+00   0.0000000e+00   0.0000000e+00   0.0000000e+00   0.0000000e+00   0.0000000e+00   0.0000000e+00   0.0000000e+00   0.0000000e+00   0.0000000e+00   0.0000000e+00   0.0000000e+00   0.0000000e+00   0.0000000e+00   0.0000000e+00   0.0000000e+00   0.0000000e+00   0.0000000e+00
   1.7473022e-01  -0.0000000e+00   5.9754636e-01  -0.0000000e+00   1.1034694e-01   0.0000000e+00  -4.5682680e-01   0.0000000e+00   2.9967743e-01  -0.0000000e+00   7.3913574e-02   0.0000000e+00  -3.5559454e-01  -0.0000000e+00   3.8002189e-01  -0.0000000e+00  -1.5939458e-01   0.0000000e+00   0.0000000e+00   0.0000000e+00   0.0000000e+00   0.0000000e+00   0.0000000e+00   0.0000000e+00   0.0000000e+00   0.0000000e+00   0.0000000e+00   0.0000000e+00   0.0000000e+00   0.0000000e+00   0.0000000e+00   0.0000000e+00   0.0000000e+00   0.0000000e+00   0.0000000e+00
   0.0000000e+00  -5.3115232e-01   0.0000000e+00  -2.9360549e-01  -0.0000000e+00   4.7362039e-01  -0.0000000e+00  -2.4480729e-01   0.0000000e+00  -9.7217336e-02  -0.0000000e+00   3.4289551e-01   0.0000000e+00  -3.9440776e-01   0.0000000e+00   2.5463724e-01  -0.0000000e+00   0.0000000e+00   0.0000000e+00   0.0000000e+00   0.0000000e+00   0.0000000e+00   0.0000000e+00   0.0000000e+00   0.0000000e+00   0.0000000e+00   0.0000000e+00   0.0000000e+00   0.0000000e+00   0.0000000e+00   0.0000000e+00   0.0000000e+00   0.0000000e+00   0.0000000e+00   0.0000000e+00
   3.5731446e-01  -0.0000000e+00   4.9783234e-01  -0.0000000e+00  -4.3803406e-01   0.0000000e+00   1.3556814e-01  -0.0000000e+00   1.6603638e-01   0.0000000e+00  -3.5559454e-01  -0.0000000e+00   3.9660645e-01  -0.0000000e+00  -3.0087470e-01   0.0000000e+00   1.1135069e-01   0.0000000e+00   0.0000000e+00   0.0000000e+00   0.0000000e+00   0.0000000e+00   0.0000000e+00   0.0000000e+00   0.0000000e+00   0.0000000e+00   0.0000000e+00   0.0000000e+00   0.0000000e+00   0.0000000e+00   0.0000000e+00   0.0000000e+00   0.0000000e+00   0.0000000e+00   0.0000000e+00
   0.0000000e+00  -6.3773578e-01   0.0000000e+00   2.8842686e-01  -0.0000000e+00   4.2296967e-02   0.0000000e+00  -2.7255461e-01  -0.0000000e+00   3.8714499e-01   0.0000000e+00  -3.9440776e-01   0.0000000e+00   3.1420898e-01  -0.0000000e+00  -1.7280612e-01   0.0000000e+00   0.0000000e+00   0.0000000e+00   0.0000000e+00   0.0000000e+00   0.0000000e+00   0.0000000e+00   0.0000000e+00   0.0000000e+00   0.0000000e+00   0.0000000e+00   0.0000000e+00   0.0000000e+00   0.0000000e+00   0.0000000e+00   0.0000000e+00   0.0000000e+00   0.0000000e+00   0.0000000e+00
   5.6929306e-01  -0.0000000e+00   2.4035572e-02   0.0000000e+00  -2.7493029e-01  -0.0000000e+00   3.8879030e-01   0.0000000e+00  -4.1524496e-01   0.0000000e+00   3.8002189e-01  -0.0000000e+00  -3.0087470e-01   0.0000000e+00   1.9201660e-01  -0.0000000e+00  -6.5895161e-02   0.0000000e+00   0.0000000e+00   0.0000000e+00   0.0000000e+00   0.0000000e+00   0.0000000e+00   0.0000000e+00   0.0000000e+00   0.0000000e+00   0.0000000e+00   0.0000000e+00   0.0000000e+00   0.0000000e+00   0.0000000e+00   0.0000000e+00   0.0000000e+00   0.0000000e+00   0.0000000e+00
   0.0000000e+00  -4.5094730e-01  -0.0000000e+00   4.7588004e-01   0.0000000e+00  -4.4862708e-01   0.0000000e+00   3.9678720e-01  -0.0000000e+00  -3.3039137e-01   0.0000000e+00   2.5463724e-01  -0.0000000e+00  -1.7280612e-01   0.0000000e+00   8.7280273e-02  -0.0000000e+00   0.0000000e+00   0.0000000e+00   0.0000000e+00   0.0000000e+00   0.0000000e+00   0.0000000e+00   0.0000000e+00   0.0000000e+00   0.0000000e+00   0.0000000e+00   0.0000000e+00   0.0000000e+00   0.0000000e+00   0.0000000e+00   0.0000000e+00   0.0000000e+00   0.0000000e+00   0.0000000e+00
   7.1634472e-01  -0.0000000e+00  -4.5366147e-01   0.0000000e+00   3.4594636e-01  -0.0000000e+00  -2.7178726e-01   0.0000000e+00   2.1182640e-01  -0.0000000e+00  -1.5939458e-01   0.0000000e+00   1.1135069e-01  -0.0000000e+00  -6.5895161e-02   0.0000000e+00   2.1820068e-02   0.0000000e+00   0.0000000e+00   0.0000000e+00   0.0000000e+00   0.0000000e+00   0.0000000e+00   0.0000000e+00   0.0000000e+00   0.0000000e+00   0.0000000e+00   0.0000000e+00   0.0000000e+00   0.0000000e+00   0.0000000e+00   0.0000000e+00   0.0000000e+00   0.0000000e+00   0.0000000e+00
   0.0000000e+00   0.0000000e+00   0.0000000e+00   0.0000000e+00   0.0000000e+00   0.0000000e+00   0.0000000e+00   0.0000000e+00   0.0000000e+00   0.0000000e+00   0.0000000e+00   0.0000000e+00   0.0000000e+00   0.0000000e+00   0.0000000e+00   0.0000000e+00   0.0000000e+00   0.0000000e+00   2.6989934e-01   0.0000000e+00  -2.7169271e-01   0.0000000e+00   2.7546640e-01   0.0000000e+00  -2.8165743e-01   0.0000000e+00   2.9112754e-01   0.0000000e+00  -3.0562025e-01   0.0000000e+00   3.2916308e-01   0.0000000e+00  -3.7409883e-01   0.0000000e+00   5.2121734e-01
   0.0000000e+00   0.0000000e+00   0.0000000e+00   0.0000000e+00   0.0000000e+00   0.0000000e+00   0.0000000e+00   0.0000000e+00   0.0000000e+00   0.0000000e+00   0.0000000e+00   0.0000000e+00   0.0000000e+00   0.0000000e+00   0.0000000e+00   0.0000000e+00   0.0000000e+00  -2.6989934e-01   0.0000000e+00   3.8044589e-01  -0.0000000e+00  -3.7662222e-01   0.0000000e+00   3.6997933e-01  -0.0000000e+00  -3.6003565e-01   0.0000000e+00   3.4591106e-01  -0.0000000e+00  -3.2592002e-01   0.0000000e+00   2.9633043e-01  -0.0000000e+00  -2.4570421e-01   0.0000000e+00
   0.0000000e+00   0.0000000e+00   0.0000000e+00   0.0000000e+00   0.0000000e+00   0.0000000e+00   0.0000000e+00   0.0000000e+00   0.0000000e+00   0.0000000e+00   0.0000000e+00   0.0000000e+00   0.0000000e+00   0.0000000e+00   0.0000000e+00   0.0000000e+00   0.0000000e+00   0.0000000e+00  -3.8044589e-01   0.0000000e+00   3.6281728e-01  -0.0000000e+00  -3.2698369e-01   0.0000000e+00   2.7164520e-01  -0.0000000e+00  -1.9438523e-01   0.0000000e+00   9.0694217e-02  -0.0000000e+00   4.8840331e-02   0.0000000e+00  -2.4978499e-01  -0.0000000e+00   6.5736300e-01
   0.0000000e+00   0.0000000e+00   0.0000000e+00   0.0000000e+00   0.0000000e+00   0.0000000e+00   0.0000000e+00   0.0000000e+00   0.0000000e+00   0.0000000e+00   0.0000000e+00   0.0000000e+00   0.0000000e+00   0.0000000e+00   0.0000000e+00   0.0000000e+00   0.0000000e+00   2.7169271e-01  -0.0000000e+00  -3.6281728e-01   0.0000000e+00   2.9930899e-01  -0.0000000e+00  -1.9601984e-01   0.0000000e+00   5.7225464e-02  -0.0000000e+00   1.0996089e-01   0.0000000e+00  -2.9355030e-01  -0.0000000e+00   4.7099909e-01   0.0000000e+00  -5.8579772e-01   0.0000000e+00
   0.0000000e+00   0.0000000e+00   0.0000000e+00   0.0000000e+00   0.0000000e+00   0.0000000e+00   0.0000000e+00   0.0000000e+00   0.0000000e+00   0.0000000e+00   0.0000000e+00   0.0000000e+00   0.0000000e+00   0.0000000e+00   0.0000000e+00   0.0000000e+00   0.0000000e+00   0.0000000e+00   3.7662222e-01  -0.0000000e+00  -2.9930899e-01   0.0000000e+00   1.5482972e-01  -0.0000000e+00   3.5883481e-02   0.0000000e+00  -2.3955766e-01  -0.0000000e+00   4.0722865e-01   0.0000000e+00  -4.6622694e-01   0.0000000e+00   2.9437443e-01  -0.0000000e+00   4.6482583e-01
   0.0000000e+00   0.0000000e+00   0.0000000e+00   0.0000000e+00   0.0000000e+00   0.0000000e+00   0.0000000e+00   0.0000000e+00   0.0000000e+00   0.0000000e+00   0.0000000e+00   0.0000000e+00   0.0000000e+00   0.0000000e+00   0.0000000e+00   0.0000000e+00   0.0000000e+00  -2.7546640e-01   0.0000000e+00   3.2698369e-01  -0.0000000e+00  -1.5482972e-01   0.0000000e+00  -8.1119374e-02  -0.0000000e+00   3.0825751e-01   0.0000000e+00  -4.3381804e-01   0.0000000e+00   3.5765331e-01  -0.0000000e+00  -2.9614842e-16   0.0000000e+00  -6.1278925e-01   0.0000000e+00
   0.0000000e+00   0.0000000e+00   0.0000000e+00   0.0000000e+00   0.0000000e+00   0.0000000e+00   0.0000000e+00   0.0000000e+00   0.0000000e+00   0.0000000e+00   0.0000000e+00   0.0000000e+00   0.0000000e+00   0.0000000e+00   0.0000000e+00   0.0000000e+00   0.0000000e+00   0.0000000e+00  -3.6997933e-01   0.0000000e+00   1.9601984e-01  -0.0000000e+00   8.1119374e-02   0.0000000e+00  -3.3618762e-01  -0.0000000e+00   4.2375474e-01  -0.0000000e+00  -2.3501500e-01   0.0000000e+00  -2.1093241e-01  -0.0000000e+00   5.9931970e-01  -0.0000000e+00   2.5809364e-01
   0.0000000e+00   0.0000000e+00   0.0000000e+00   0.0000000e+00   0.0000000e+00   0.0000000e+00   0.0000000e+00   0.0000000e+00   0.0000000e+00   0.0000000e+00   0.0000000e+00   0.0000000e+00   0.0000000e+00   0.0000000e+00   0.0000000e+00   0.0000000e+00   0.0000000e+00   2.8165743e-01  -0.0000000e+00  -2.7164520e-01   0.0000000e+00  -3.5883481e-02  -0.0000000e+00   3.3618762e-01   0.0000000e+00  -4.1091853e-01   0.0000000e+00   1.4223104e-01  -0.0000000e+00   3.3389221e-01   0.0000000e+00  -5.0596473e-01   0.0000000e+00  -4.1952379e-01   0.0000000e+00
   0.0000000e+00   0.0000000e+00   0.0000000e+00   0.0000000e+00   0.0000000e+00   0.0000000e+00   0.0000000e+00   0.0000000e+00   0.0000000e+00   0.0000000e+00   0.0000000e+00   0.0000000e+00   0.0000000e+00   0.0000000e+00   0.0000000e+00   0.0000000e+00   0.0000000e+00   0.0000000e+00   3.6003565e-01  -0.0000000e+00  -5.7225464e-02   0.0000000e+00  -3.0825751e-01  -0.0000000e+00   4.1091853e-01  -0.0000000e+00  -9.4299494e-02   0.0000000e+00  -3.9412402e-01   0.0000000e+00   3.9821085e-01  -0.0000000e+00   5.1789243e-01  -0.0000000e+00   1.1050909e-01
   0.0000000e+00   0.0000000e+00   0.0000000e+00   0.0000000e+00   0.0000000e+00   0.0000000e+00   0.0000000e+00   0.0000000e+00   0.0000000e+00   0.0000000e+00   0.0000000e+00   0.0000000e+00   0.0000000e+00   0.0000000e+00   0.0000000e+00   0.0000000e+00   0.0000000e+00  -2.9112754e-01   0.0000000e+00   1.9438523e-01  -0.0000000e+00   2.3955766e-01   0.0000000e+00  -4.2375474e-01   0.0000000e+00   9.4299494e-02  -0.0000000e+00   4.1711892e-01  -0.0000000e+00  -3.1356489e-01   0.0000000e+00  -5.6481481e-01   0.0000000e+00  -2.0070844e-01   0.0000000e+00
   0.0000000e+00   0.0000000e+00   0.0000000e+00   0.0000000e+00   0.0000000e+00   0.0000000e+00   0.0000000e+00   0.0000000e+00   0.0000000e+00   0.0000000e+00   0.0000000e+00   0.0000000e+00   0.0000000e+00   0.0000000e+00   0.0000000e+00   0.0000000e+00   0.0000000e+00   0.0000000e+00  -3.4591106e-01   0.0000000e+00  -1.0996089e-01  -0.0000000e+00   4.3381804e-01  -0.0000000e+00  -1.4223104e-01   0.0000000e+00  -4.1711892e-01   0.0000000e+00   2.6855469e-01  -0.0000000e+00   5.8111398e-01  -0.0000000e+00   2.7344209e-01  -0.0000000e+00   3.5391234e-02
   0.0000000e+00   0.0000000e+00   0.0000000e+00   0.0000000e+00   0.0000000e+00   0.0000000e+00   0.0000000e+00   0.0000000e+00   0.0000000e+00   0.0000000e+00   0.0000000e+00   0.0000000e+00   0.0000000e+00   0.0000000e+00   0.0000000e+00   0.0000000e+00   0.0000000e+00   3.0562025e-01  -0.0000000e+00  -9.0694217e-02   0.0000000e+00  -4.0722865e-01   0.0000000e+00   2.3501500e-01  -0.0000000e+00   3.9412402e-01  -0.0000000e+00  -2.6855469e-01   0.0000000e+00  -5.8450914e-01   0.0000000e+00  -3.2208654e-01   0.0000000e+00  -6.6765012e-02   0.0000000e+00
   0.0000000e+00   0.0000000e+00   0.0000000e+00   0.0000000e+00   0.0000000e+00   0.0000000e+00   0.0000000e+00   0.0000000e+00   0.0000000e+00   0.0000000e+00   0.0000000e+00   0.0000000e+00   0.0000000e+00   0.0000000e+00   0.0000000e+00   0.0000000e+00   0.0000000e+00   0.0000000e+00   3.2592002e-01  -0.0000000e+00   2.9355030e-01   0.0000000e+00  -3.5765331e-01   0.0000000e+00  -3.3389221e-01   0.0000000e+00   3.1356489e-01  -0.0000000e+00   5.8450914e-01  -0.0000000e+00   3.4595454e-01  -0.0000000e+00   9.2093759e-02  -0.0000000e+00   8.0490076e-03
   0.0000000e+00   0.0000000e+00   0.0000000e+00   0.0000000e+00   0.0000000e+00   0.0000000e+00   0.0000000e+00   0.0000000e+00   0.0000000e+00   0.0000000e+00   0.0000000e+00   0.0000000e+00   0.0000000e+00   0.0000000e+00   0.0000000e+00   0.0000000e+00   0.0000000e+00  -3.2916308e-01   0.0000000e+00  -4.8840331e-02  -0.0000000e+00   4.6622694e-01  -0.0000000e+00   2.1093241e-01   0.0000000e+00  -3.9821085e-01   0.0000000e+00  -5.8111398e-01   0.0000000e+00  -3.4595454e-01   0.0000000e+00  -1.0602676e-01   0.0000000e+00  -1.4652125e-02   0.0000000e+00
   0.0000000e+00   0.0000000e+00   0.0000000e+00   0.0000000e+00   0.0000000e+00   0.0000000e+00   0.0000000e+00   0.0000000e+00   0.0000000e+00   0.0000000e+00   0.0000000e+00   0.0000000e+00   0.0000000e+00   0.0000000e+00   0.0000000e+00   0.0000000e+00   0.0000000e+00   0.0000000e+00  -2.9633043e-01   0.0000000e+00  -4.7099909e-01   0.0000000e+00   2.9614842e-16  -0.0000000e+00   5.0596473e-01  -0.0000000e+00   5.6481481e-01  -0.0000000e+00   3.2208654e-01  -0.0000000e+00   1.0602676e-01  -0.0000000e+00   1.8688124e-02  -0.0000000e+00   1.1803637e-03
   0.0000000e+00   0.0000000e+00   0.0000000e+00   0.0000000e+00   0.0000000e+00   0.0000000e+00   0.0000000e+00   0.0000000e+00   0.0000000e+00   0.0000000e+00   0.0000000e+00   0.0000000e+00   0.0000000e+00   0.0000000e+00   0.0000000e+00   0.0000000e+00   0.0000000e+00   3.7409883e-01  -0.0000000e+00   2.4978499e-01   0.0000000e+00  -2.9437443e-01   0.0000000e+00  -5.9931970e-01   0.0000000e+00  -5.1789243e-01   0.0000000e+00  -2.7344209e-01   0.0000000e+00  -9.2093759e-02   0.0000000e+00  -1.8688124e-02   0.0000000e+00  -1.8594448e-03   0.0000000e+00
   0.0000000e+00   0.0000000e+00   0.0000000e+00   0.0000000e+00   0.0000000e+00   0.0000000e+00   0.0000000e+00   0.0000000e+00   0.0000000e+00   0.0000000e+00   0.0000000e+00   0.0000000e+00   0.0000000e+00   0.0000000e+00   0.0000000e+00   0.0000000e+00   0.0000000e+00   0.0000000e+00   2.4570421e-01  -0.0000000e+00   5.8579772e-01  -0.0000000e+00   6.1278925e-01  -0.0000000e+00   4.1952379e-01  -0.0000000e+00   2.0070844e-01  -0.0000000e+00   6.6765012e-02  -0.0000000e+00   1.4652125e-02  -0.0000000e+00   1.8594448e-03  -0.0000000e+00   8.8973339e-05
   0.0000000e+00   0.0000000e+00   0.0000000e+00   0.0000000e+00   0.0000000e+00   0.0000000e+00   0.0000000e+00   0.0000000e+00   0.0000000e+00   0.0000000e+00   0.0000000e+00   0.0000000e+00   0.0000000e+00   0.0000000e+00   0.0000000e+00   0.0000000e+00   0.0000000e+00  -5.2121734e-01   0.0000000e+00  -6.5736300e-01   0.0000000e+00  -4.6482583e-01   0.0000000e+00  -2.5809364e-01   0.0000000e+00  -1.1050909e-01   0.0000000e+00  -3.5391234e-02   0.0000000e+00  -8.0490076e-03   0.0000000e+00  -1.1803637e-03   0.0000000e+00  -8.8973339e-05   0.0000000e+00
