   3.8207021e-06  -0.0000000e+00   1.0114344e-04  -0.0000000e+00   1.0364119e-03  -0.0000000e+00   6.3382329e-03  -0.0000000e+00   2.6676572e-02  -0.0000000e+00   8.2940832e-02  -0.0000000e+00   1.9849168e-01  -0.0000000e+00   3.7511402e-01  -0.0000000e+00   5.6888859e-01  -0.0000000e+00   6.9901661e-01   0.0000000e+00   0.0000000e+00   0.0000000e+00   0.0000000e+00   0.0000000e+00   0.0000000e+00   0.0000000e+00   0.0000000e+00   0.0000000e+00   0.0000000e+00   0.0000000e+00   0.0000000e+00   0.0000000e+00   0.0000000e+00   0.0000000e+00   0.0000000e+00   0.0000000e+00   0.0000000e+00   0.0000000e+00   0.0000000e+00
   0.0000000e+00  -1.3732586e-04   0.0000000e+00  -1.8188067e-03   0.0000000e+00  -1.2275893e-02   0.0000000e+00  -5.2761071e-02   0.0000000e+00  -1.5801837e-01   0.0000000e+00  -3.4346243e-01   0.0000000e+00  -5.4644539e-01   0.0000000e+00  -6.1577419e-01   0.0000000e+00  -4.1993521e-01   0.0000000e+00   0.0000000e+00   0.0000000e+00   0.0000000e+00   0.0000000e+00   0.0000000e+00   0.0000000e+00   0.0000000e+00   0.0000000e+00   0.0000000e+00   0.0000000e+00   0.0000000e+00   0.0000000e+00   0.0000000e+00   0.0000000e+00   0.0000000e+00   0.0000000e+00   0.0000000e+00   0.0000000e+00   0.0000000e+00   0.0000000e+00
   1.0114344e-04  -0.0000000e+00   2.1324161e-03  -0.0000000e+00   1.6847366e-02  -0.0000000e+00   7.6257263e-02  -0.0000000e+00   2.2436609e-01  -0.0000000e+00   4.4732870e-01  -0.0000000e+00   5.9141420e-01  -0.0000000e+00   4.3857850e-01  -0.0000000e+00  -2.1456039e-02   0.0000000e+00  -4.4818648e-01   0.0000000e+00   0.0000000e+00   0.0000000e+00   0.0000000e+00   0.0000000e+00   0.0000000e+00   0.0000000e+00   0.0000000e+00   0.0000000e+00   0.0000000e+00   0.0000000e+00   0.0000000e+00   0.0000000e+00   0.0000000e+00   0.0000000e+00   0.0000000e+00   0.0000000e+00   0.0000000e+00   0.0000000e+00   0.0000000e+00
   0.0000000e+00  -1.8188067e-03   0.0000000e+00  -1.8554688e-02   0.0000000e+00  -9.2277244e-02   0.0000000e+00  -2.7384439e-01   0.0000000e+00  -5.0906394e-01   0.0000000e+00  -5.5324054e-01   0.0000000e+00  -1.9560007e-01  -0.0000000e+00   3.3062446e-01  -0.0000000e+00   4.5094730e-01  -0.0000000e+00   0.0000000e+00   0.0000000e+00   0.0000000e+00   0.0000000e+00   0.0000000e+00   0.0000000e+00   0.0000000e+00   0.0000000e+00   0.0000000e+00   0.0000000e+00   0.0000000e+00   0.0000000e+00   0.0000000e+00   0.0000000e+00   0.0000000e+00   0.0000000e+00   0.0000000e+00   0.0000000e+00   0.0000000e+00   0.0000000e+00
   1.0364119e-03  -0.0000000e+00   1.6847366e-02  -0.0000000e+00   9.7927094e-02  -0.0000000e+00   3.0362676e-01  -0.0000000e+00   5.3954218e-01  -0.0000000e+00   4.8081348e-01  -0.0000000e+00  -1.8264594e-02   0.0000000e+00  -4.5424158e-01   0.0000000e+00  -2.1985898e-01  -0.0000000e+00   3.4733532e-01   0.0000000e+00   0.0000000e+00   0.0000000e+00   0.0000000e+00   0.0000000e+00   0.0000000e+00   0.0000000e+00   0.0000000e+00   0.0000000e+00   0.0000000e+00   0.0000000e+00   0.0000000e+00   0.0000000e+00   0.0000000e+00   0.0000000e+00   0.0000000e+00   0.0000000e+00   0.0000000e+00   0.0000000e+00   0.0000000e+00
   0.0000000e+00  -1.2275893e-02   0.0000000e+00  -9.2277244e-02   0.0000000e+00  -3.1349182e-01   0.0000000e+00  -5.5164876e-01   0.0000000e+00  -4.0999660e-01   0.0000000e+00   1.7034097e-01  -0.0000000e+00   4.4851500e-01  -0.0000000e+00  -3.7504601e-02   0.0000000e+00  -4.3480475e-01   0.0000000e+00   0.0000000e+00   0.0000000e+00   0.0000000e+00   0.0000000e+00   0.0000000e+00   0.0000000e+00   0.0000000e+00   0.0000000e+00   0.0000000e+00   0.0000000e+00   0.0000000e+00   0.0000000e+00   0.0000000e+00   0.0000000e+00   0.0000000e+00   0.0000000e+00   0.0000000e+00   0.0000000e+00   0.0000000e+00   0.0000000e+00
   6.3382329e-03  -0.0000000e+00   7.6257263e-02  -0.0000000e+00   3.0362676e-01  -0.0000000e+00   5.5459976e-01  -0.0000000e+00   3.6132742e-01  -0.0000000e+00  -2.6311965e-01   0.0000000e+00  -3.8502995e-01   0.0000000e+00   2.2599002e-01  -0.0000000e+00   3.4273084e-01  -0.0000000e+00  -2.7892851e-01   0.0000000e+00   0.0000000e+00   0.0000000e+00   0.0000000e+00   0.0000000e+00   0.0000000e+00   0.0000000e+00   0.0000000e+00   0.0000000e+00   0.0000000e+00   0.0000000e+00   0.0000000e+00   0.0000000e+00   0.0000000e+00   0.0000000e+00   0.0000000e+00   0.0000000e+00   0.0000000e+00   0.0000000e+00   0.0000000e+00
   0.0000000e+00  -5.2761071e-02   0.0000000e+00  -2.7384439e-01   0.0000000e+00  -5.5164876e-01   0.0000000e+00  -3.4423828e-01   0.0000000e+00   3.1061222e-01  -0.0000000e+00   3.1468126e-01   0.0000000e+00  -3.3376988e-01   0.0000000e+00  -1.8805802e-01  -0.0000000e+00   3.9640480e-01  -0.0000000e+00   0.0000000e+00   0.0000000e+00   0.0000000e+00   0.0000000e+00   0.0000000e+00   0.0000000e+00   0.0000000e+00   0.0000000e+00   0.0000000e+00   0.0000000e+00   0.0000000e+00   0.0000000e+00   0.0000000e+00   0.0000000e+00   0.0000000e+00   0.0000000e+00   0.0000000e+00   0.0000000e+00   0.0000000e+00   0.0000000e+00
   2.6676572e-02  -0.0000000e+00   2.2436609e-01  -0.0000000e+00   5.3954218e-01  -0.0000000e+00   3.6132742e-01  -0.0000000e+00  -3.2493591e-01   0.0000000e+00  -2.6486591e-01  -0.0000000e+00   3.8341000e-01  -0.0000000e+00   4.4843515e-02   0.0000000e+00  -3.9015435e-01   0.0000000e+00   2.2430575e-01   0.0000000e+00   0.0000000e+00   0.0000000e+00   0.0000000e+00   0.0000000e+00   0.0000000e+00   0.0000000e+00   0.0000000e+00   0.0000000e+00   0.0000000e+00   0.0000000e+00   0.0000000e+00   0.0000000e+00   0.0000000e+00   0.0000000e+00   0.0000000e+00   0.0000000e+00   0.0000000e+00   0.0000000e+00   0.0000000e+00
   0.0000000e+00  -1.5801837e-01   0.0000000e+00  -5.0906394e-01   0.0000000e+00  -4.0999660e-01   0.0000000e+00   3.1061222e-01  -0.0000000e+00   2.4725342e-01   0.0000000e+00  -4.0130734e-01   0.0000000e+00   5.8043278e-02  -0.0000000e+00   3.2703682e-01   0.0000000e+00  -3.4467811e-01   0.0000000e+00   0.0000000e+00   0.0000000e+00   0.0000000e+00   0.0000000e+00   0.0000000e+00   0.0000000e+00   0.0000000e+00   0.0000000e+00   0.0000000e+00   0.0000000e+00   0.0000000e+00   0.0000000e+00   0.0000000e+00   0.0000000e+00   0.0000000e+00   0.0000000e+00   0.0000000e+00   0.0000000e+00   0.0000000e+00   0.0000000e+00
   8.2940832e-02  -0.0000000e+00   4.4732870e-01  -0.0000000e+00   4.8081348e-01  -0.0000000e+00  -2.6311965e-01   0.0000000e+00  -2.6486591e-01  -0.0000000e+00   4.0525818e-01  -0.0000000e+00  -1.1689062e-01   0.0000000e+00  -2.5734004e-01  -0.0000000e+00   3.8336797e-01  -0.0000000e+00  -1.7708147e-01   0.0000000e+00   0.0000000e+00   0.0000000e+00   0.0000000e+00   0.0000000e+00   0.0000000e+00   0.0000000e+00   0.0000000e+00   0.0000000e+00   0.0000000e+00   0.0000000e+00   0.0000000e+00   0.0000000e+00   0.0000000e+00   0.0000000e+00   0.0000000e+00   0.0000000e+00   0.0000000e+00   0.0000000e+00   0.0000000e+00
   0.0000000e+00  -3.4346243e-01   0.0000000e+00  -5.5324054e-01   0.0000000e+00   1.7034097e-01  -0.0000000e+00   3.1468126e-01   0.0000000e+00  -4.0130734e-01   0.0000000e+00   1.3574219e-01  -0.0000000e+00   2.0819599e-01   0.0000000e+00  -3.7992863e-01   0.0000000e+00   2.8417119e-01  -0.0000000e+00   0.0000000e+00   0.0000000e+00   0.0000000e+00   0.0000000e+00   0.0000000e+00   0.0000000e+00   0.0000000e+00   0.0000000e+00   0.0000000e+00   0.0000000e+00   0.0000000e+00   0.0000000e+00   0.0000000e+00   0.0000000e+00   0.0000000e+00   0.0000000e+00   0.0000000e+00   0.0000000e+00   0.0000000e+00   0.0000000e+00
   1.9849168e-01  -0.0000000e+00   5.9141420e-01  -0.0000000e+00  -1.8264594e-02   0.0000000e+00  -3.8502995e-01  -0.0000000e+00   3.8341000e-01  -0.0000000e+00  -1.1689062e-01   0.0000000e+00  -1.9087219e-01  -0.0000000e+00   3.6596276e-01  -0.0000000e+00  -3.3643464e-01   0.0000000e+00   1.3428624e-01   0.0000000e+00   0.0000000e+00   0.0000000e+00   0.0000000e+00   0.0000000e+00   0.0000000e+00   0.0000000e+00   0.0000000e+00   0.0000000e+00   0.0000000e+00   0.0000000e+00   0.0000000e+00   0.0000000e+00   0.0000000e+00   0.0000000e+00   0.0000000e+00   0.0000000e+00   0.0000000e+00   0.0000000e+00   0.0000000e+00
   0.0000000e+00  -5.4644539e-01   0.0000000e+00  -1.9560007e-01  -0.0000000e+00   4.4851500e-01  -0.0000000e+00  -3.3376988e-01   0.0000000e+00   5.8043278e-02  -0.0000000e+00   2.0819599e-01   0.0000000e+00  -3.5943604e-01  -0.0000000e+00   3.5675579e-01  -0.0000000e+00  -2.1768433e-01   0.0000000e+00   0.0000000e+00   0.0000000e+00   0.0000000e+00   0.0000000e+00   0.0000000e+00   0.0000000e+00   0.0000000e+00   0.0000000e+00   0.0000000e+00   0.0000000e+00   0.0000000e+00   0.0000000e+00   0.0000000e+00   0.0000000e+00   0.0000000e+00   0.0000000e+00   0.0000000e+00   0.0000000e+00   0.0000000e+00   0.0000000e+00
   3.7511402e-01  -0.0000000e+00   4.3857850e-01   0.0000000e+00  -4.5424158e-01   0.0000000e+00   2.2599002e-01  -0.0000000e+00   4.4843515e-02   0.0000000e+00  -2.5734004e-01  -0.0000000e+00   3.6596276e-01   0.0000000e+00  -3.6161804e-01   0.0000000e+00   2.6022166e-01  -0.0000000e+00  -9.4260078e-02   0.0000000e+00   0.0000000e+00   0.0000000e+00   0.0000000e+00   0.0000000e+00   0.0000000e+00   0.0000000e+00   0.0000000e+00   0.0000000e+00   0.0000000e+00   0.0000000e+00   0.0000000e+00   0.0000000e+00   0.0000000e+00   0.0000000e+00   0.0000000e+00   0.0000000e+00   0.0000000e+00   0.0000000e+00   0.0000000e+00
   0.0000000e+00  -6.1577419e-01   0.0000000e+00   3.3062446e-01  -0.0000000e+00  -3.7504601e-02   0.0000000e+00  -1.8805802e-01  -0.0000000e+00   3.2703682e-01   0.0000000e+00  -3.7992863e-01   0.0000000e+00   3.5675579e-01  -0.0000000e+00  -2.7294922e-01   0.0000000e+00   1.4718147e-01  -0.0000000e+00   0.0000000e+00   0.0000000e+00   0.0000000e+00   0.0000000e+00   0.0000000e+00   0.0000000e+00   0.0000000e+00   0.0000000e+00   0.0000000e+00   0.0000000e+00   0.0000000e+00   0.0000000e+00   0.0000000e+00   0.0000000e+00   0.0000000e+00   0.0000000e+00   0.0000000e+00   0.0000000e+00   0.0000000e+00   0.0000000e+00
   5.6888859e-01  -0.0000000e+00  -2.1456039e-02   0.0000000e+00  -2.1985898e-01  -0.0000000e+00   3.4273084e-01   0.0000000e+00  -3.9015435e-01  -0.0000000e+00   3.8336797e-01  -0.0000000e+00  -3.3643464e-01   0.0000000e+00   2.6022166e-01  -0.0000000e+00  -1.6394806e-01   0.0000000e+00   5.5937929e-02   0.0000000e+00   0.0000000e+00   0.0000000e+00   0.0000000e+00   0.0000000e+00   0.0000000e+00   0.0000000e+00   0.0000000e+00   0.0000000e+00   0.0000000e+00   0.0000000e+00   0.0000000e+00   0.0000000e+00   0.0000000e+00   0.0000000e+00   0.0000000e+00   0.0000000e+00   0.0000000e+00   0.0000000e+00   0.0000000e+00
   0.0000000e+00  -4.1993521e-01  -0.0000000e+00   4.5094730e-01   0.0000000e+00  -4.3480475e-01   0.0000000e+00   3.9640480e-01  -0.0000000e+00  -3.4467811e-01   0.0000000e+00   2.8417119e-01  -0.0000000e+00  -2.1768433e-01   0.0000000e+00   1.4718147e-01  -0.0000000e+00  -7.4188232e-02   0.0000000e+00   0.0000000e+00   0.0000000e+00   0.0000000e+00   0.0000000e+00   0.0000000e+00   0.0000000e+00   0.0000000e+00   0.0000000e+00   0.0000000e+00   0.0000000e+00   0.0000000e+00   0.0000000e+00   0.0000000e+00   0.0000000e+00   0.0000000e+00   0.0000000e+00   0.0000000e+00   0.0000000e+00   0.0000000e+00   0.0000000e+00
   6.9901661e-01  -0.0000000e+00  -4.4818648e-01   0.0000000e+00   3.4733532e-01  -0.0000000e+00  -2.7892851e-01   0.0000000e+00   2.2430575e-01  -0.0000000e+00  -1.7708147e-01   0.0000000e+00   1.3428624e-01  -0.0000000e+00  -9.4260078e-02   0.0000000e+00   5.5937929e-02  -0.0000000e+00  -1.8547058e-02   0.0000000e+00   0.0000000e+00   0.0000000e+00   0.0000000e+00   0.0000000e+00   0.0000000e+00   0.0000000e+00   0.0000000e+00   0.0000000e+00   0.0000000e+00   0.0000000e+00   0.0000000e+00   0.0000000e+00   0.0000000e+00   0.0000000e+00   0.0000000e+00   0.0000000e+00   0.0000000e+00   0.0000000e+00   0.0000000e+00
   0.0000000e+00   0.0000000e+00   0.0000000e+00   0.0000000e+00   0.0000000e+00   0.0000000e+00   0.0000000e+00   0.0000000e+00   0.0000000e+00   0.0000000e+00   0.0000000e+00   0.0000000e+00   0.0000000e+00   0.0000000e+00   0.0000000e+00   0.0000000e+00   0.0000000e+00   0.0000000e+00   0.0000000e+00   0.0000000e+00  -2.5565355e-01   0.0000000e+00   2.5701705e-01   0.0000000e+00  -2.5985710e-01   0.0000000e+00   2.6442972e-01   0.0000000e+00  -2.7121107e-01   0.0000000e+00   2.8107649e-01   0.0000000e+00  -2.9575109e-01   0.0000000e+00   3.1917913e-01   0.0000000e+00  -3.6340143e-01   0.0000000e+00   5.0711995e-01
   0.0000000e+00   0.0000000e+00   0.0000000e+00   0.0000000e+00   0.0000000e+00   0.0000000e+00   0.0000000e+00   0.0000000e+00   0.0000000e+00   0.0000000e+00   0.0000000e+00   0.0000000e+00   0.0000000e+00   0.0000000e+00   0.0000000e+00   0.0000000e+00   0.0000000e+00   0.0000000e+00   0.0000000e+00   2.5565355e-01  -0.0000000e+00  -3.6059602e-01   0.0000000e+00   3.5769185e-01  -0.0000000e+00  -3.5268892e-01   0.0000000e+00   3.4530747e-01  -0.0000000e+00  -3.3506542e-01   0.0000000e+00   3.2112459e-01  -0.0000000e+00  -3.0191324e-01   0.0000000e+00   2.7398180e-01  -0.0000000e+00  -2.2679094e-01   0.0000000e+00
   0.0000000e+00   0.0000000e+00   0.0000000e+00   0.0000000e+00   0.0000000e+00   0.0000000e+00   0.0000000e+00   0.0000000e+00   0.0000000e+00   0.0000000e+00   0.0000000e+00   0.0000000e+00   0.0000000e+00   0.0000000e+00   0.0000000e+00   0.0000000e+00   0.0000000e+00   0.0000000e+00   0.0000000e+00   0.0000000e+00   3.6059602e-01  -0.0000000e+00  -3.4717449e-01   0.0000000e+00   3.1998221e-01  -0.0000000e+00  -2.7825096e-01   0.0000000e+00   2.2061813e-01  -0.0000000e+00  -1.4473745e-01   0.0000000e+00   4.6350343e-02  -0.0000000e+00   8.3370006e-02   0.0000000e+00  -2.6849062e-01  -0.0000000e+00   6.4716363e-01
   0.0000000e+00   0.0000000e+00   0.0000000e+00   0.0000000e+00   0.0000000e+00   0.0000000e+00   0.0000000e+00   0.0000000e+00   0.0000000e+00   0.0000000e+00   0.0000000e+00   0.0000000e+00   0.0000000e+00   0.0000000e+00   0.0000000e+00   0.0000000e+00   0.0000000e+00   0.0000000e+00   0.0000000e+00  -2.5701705e-01   0.0000000e+00   3.4717449e-01  -0.0000000e+00  -2.9871497e-01   0.0000000e+00   2.1949568e-01  -0.0000000e+00  -1.1204284e-01   0.0000000e+00  -1.9605169e-02  -0.0000000e+00   1.6910524e-01   0.0000000e+00  -3.2600667e-01  -0.0000000e+00   4.7073070e-01  -0.0000000e+00  -5.5371549e-01   0.0000000e+00
   0.0000000e+00   0.0000000e+00   0.0000000e+00   0.0000000e+00   0.0000000e+00   0.0000000e+00   0.0000000e+00   0.0000000e+00   0.0000000e+00   0.0000000e+00   0.0000000e+00   0.0000000e+00   0.0000000e+00   0.0000000e+00   0.0000000e+00   0.0000000e+00   0.0000000e+00   0.0000000e+00   0.0000000e+00   0.0000000e+00  -3.5769185e-01   0.0000000e+00   2.9871497e-01  -0.0000000e+00  -1.8693029e-01   0.0000000e+00   3.4979988e-02  -0.0000000e+00   1.3731048e-01   0.0000000e+00  -3.0152783e-01  -0.0000000e+00   4.1779141e-01  -0.0000000e+00  -4.2787515e-01   0.0000000e+00   2.3264246e-01  -0.0000000e+00   4.7448588e-01
   0.0000000e+00   0.0000000e+00   0.0000000e+00   0.0000000e+00   0.0000000e+00   0.0000000e+00   0.0000000e+00   0.0000000e+00   0.0000000e+00   0.0000000e+00   0.0000000e+00   0.0000000e+00   0.0000000e+00   0.0000000e+00   0.0000000e+00   0.0000000e+00   0.0000000e+00   0.0000000e+00   0.0000000e+00   2.5985710e-01  -0.0000000e+00  -3.1998221e-01   0.0000000e+00   1.8693029e-01  -0.0000000e+00   3.7110555e-03   0.0000000e+00  -2.0710303e-01  -0.0000000e+00   3.6454889e-01   0.0000000e+00  -4.0885053e-01   0.0000000e+00   2.7426241e-01  -0.0000000e+00   8.1681746e-02   0.0000000e+00  -6.0851530e-01   0.0000000e+00
   0.0000000e+00   0.0000000e+00   0.0000000e+00   0.0000000e+00   0.0000000e+00   0.0000000e+00   0.0000000e+00   0.0000000e+00   0.0000000e+00   0.0000000e+00   0.0000000e+00   0.0000000e+00   0.0000000e+00   0.0000000e+00   0.0000000e+00   0.0000000e+00   0.0000000e+00   0.0000000e+00   0.0000000e+00   0.0000000e+00   3.5268892e-01  -0.0000000e+00  -2.1949568e-01   0.0000000e+00  -3.7110555e-03  -0.0000000e+00   2.3838527e-01   0.0000000e+00  -3.8685552e-01   0.0000000e+00   3.5853875e-01  -0.0000000e+00  -1.0964628e-01   0.0000000e+00  -2.9446241e-01  -0.0000000e+00   5.6111971e-01  -0.0000000e+00   2.8070963e-01
   0.0000000e+00   0.0000000e+00   0.0000000e+00   0.0000000e+00   0.0000000e+00   0.0000000e+00   0.0000000e+00   0.0000000e+00   0.0000000e+00   0.0000000e+00   0.0000000e+00   0.0000000e+00   0.0000000e+00   0.0000000e+00   0.0000000e+00   0.0000000e+00   0.0000000e+00   0.0000000e+00   0.0000000e+00  -2.6442972e-01   0.0000000e+00   2.7825096e-01  -0.0000000e+00  -3.4979988e-02   0.0000000e+00  -2.3838527e-01  -0.0000000e+00   3.9193726e-01  -0.0000000e+00  -3.0782097e-01   0.0000000e+00  -1.9667579e-02  -0.0000000e+00   4.0399948e-01  -0.0000000e+00  -4.2357479e-01   0.0000000e+00  -4.5079444e-01   0.0000000e+00
   0.0000000e+00   0.0000000e+00   0.0000000e+00   0.0000000e+00   0.0000000e+00   0.0000000e+00   0.0000000e+00   0.0000000e+00   0.0000000e+00   0.0000000e+00   0.0000000e+00   0.0000000e+00   0.0000000e+00   0.0000000e+00   0.0000000e+00   0.0000000e+00   0.0000000e+00   0.0000000e+00   0.0000000e+00   0.0000000e+00  -3.4530747e-01   0.0000000e+00   1.1204284e-01  -0.0000000e+00   2.0710303e-01   0.0000000e+00  -3.9193726e-01   0.0000000e+00   2.7823450e-01  -0.0000000e+00   1.0240919e-01   0.0000000e+00  -4.4416424e-01   0.0000000e+00   2.7031599e-01  -0.0000000e+00   5.4400125e-01  -0.0000000e+00   1.3232779e-01
   0.0000000e+00   0.0000000e+00   0.0000000e+00   0.0000000e+00   0.0000000e+00   0.0000000e+00   0.0000000e+00   0.0000000e+00   0.0000000e+00   0.0000000e+00   0.0000000e+00   0.0000000e+00   0.0000000e+00   0.0000000e+00   0.0000000e+00   0.0000000e+00   0.0000000e+00   0.0000000e+00   0.0000000e+00   2.7121107e-01  -0.0000000e+00  -2.2061813e-01   0.0000000e+00  -1.3731048e-01  -0.0000000e+00   3.8685552e-01  -0.0000000e+00  -2.7823450e-01   0.0000000e+00  -1.4161706e-01  -0.0000000e+00   4.5050705e-01  -0.0000000e+00  -1.4258995e-01   0.0000000e+00  -5.7432433e-01   0.0000000e+00  -2.4218603e-01   0.0000000e+00
   0.0000000e+00   0.0000000e+00   0.0000000e+00   0.0000000e+00   0.0000000e+00   0.0000000e+00   0.0000000e+00   0.0000000e+00   0.0000000e+00   0.0000000e+00   0.0000000e+00   0.0000000e+00   0.0000000e+00   0.0000000e+00   0.0000000e+00   0.0000000e+00   0.0000000e+00   0.0000000e+00   0.0000000e+00   0.0000000e+00   3.3506542e-01  -0.0000000e+00   1.9605169e-02   0.0000000e+00  -3.6454889e-01   0.0000000e+00   3.0782097e-01  -0.0000000e+00   1.4161706e-01   0.0000000e+00  -4.4771572e-01   0.0000000e+00   5.6017273e-02  -0.0000000e+00   5.6845137e-01  -0.0000000e+00   3.3248365e-01  -0.0000000e+00   4.8704533e-02
   0.0000000e+00   0.0000000e+00   0.0000000e+00   0.0000000e+00   0.0000000e+00   0.0000000e+00   0.0000000e+00   0.0000000e+00   0.0000000e+00   0.0000000e+00   0.0000000e+00   0.0000000e+00   0.0000000e+00   0.0000000e+00   0.0000000e+00   0.0000000e+00   0.0000000e+00   0.0000000e+00   0.0000000e+00  -2.8107649e-01   0.0000000e+00   1.4473745e-01  -0.0000000e+00   3.0152783e-01   0.0000000e+00  -3.5853875e-01   0.0000000e+00  -1.0240919e-01  -0.0000000e+00   4.4771572e-01  -0.0000000e+00  -1.3216261e-02   0.0000000e+00  -5.5086803e-01   0.0000000e+00  -3.9616499e-01   0.0000000e+00  -9.5205250e-02   0.0000000e+00
   0.0000000e+00   0.0000000e+00   0.0000000e+00   0.0000000e+00   0.0000000e+00   0.0000000e+00   0.0000000e+00   0.0000000e+00   0.0000000e+00   0.0000000e+00   0.0000000e+00   0.0000000e+00   0.0000000e+00   0.0000000e+00   0.0000000e+00   0.0000000e+00   0.0000000e+00   0.0000000e+00   0.0000000e+00   0.0000000e+00  -3.2112459e-01   0.0000000e+00  -1.6910524e-01  -0.0000000e+00   4.0885053e-01  -0.0000000e+00   1.9667579e-02   0.0000000e+00  -4.5050705e-01   0.0000000e+00   1.3216261e-02  -0.0000000e+00   5.3810304e-01  -0.0000000e+00   4.3469960e-01  -0.0000000e+00   1.3748926e-01  -0.0000000e+00   1.3551712e-02
   0.0000000e+00   0.0000000e+00   0.0000000e+00   0.0000000e+00   0.0000000e+00   0.0000000e+00   0.0000000e+00   0.0000000e+00   0.0000000e+00   0.0000000e+00   0.0000000e+00   0.0000000e+00   0.0000000e+00   0.0000000e+00   0.0000000e+00   0.0000000e+00   0.0000000e+00   0.0000000e+00   0.0000000e+00   2.9575109e-01  -0.0000000e+00  -4.6350343e-02   0.0000000e+00  -4.1779141e-01   0.0000000e+00   1.0964628e-01  -0.0000000e+00   4.4416424e-01  -0.0000000e+00  -5.6017273e-02   0.0000000e+00  -5.3810304e-01   0.0000000e+00  -4.5241227e-01   0.0000000e+00  -1.6865573e-01   0.0000000e+00  -2.6733126e-02   0.0000000e+00
   0.0000000e+00   0.0000000e+00   0.0000000e+00   0.0000000e+00   0.0000000e+00   0.0000000e+00   0.0000000e+00   0.0000000e+00   0.0000000e+00   0.0000000e+00   0.0000000e+00   0.0000000e+00   0.0000000e+00   0.0000000e+00   0.0000000e+00   0.0000000e+00   0.0000000e+00   0.0000000e+00   0.0000000e+00   0.0000000e+00   3.0191324e-01  -0.0000000e+00   3.2600667e-01  -0.0000000e+00  -2.7426241e-01   0.0000000e+00  -4.0399948e-01   0.0000000e+00   1.4258995e-01  -0.0000000e+00   5.5086803e-01  -0.0000000e+00   4.5241227e-01  -0.0000000e+00   1.8497401e-01  -0.0000000e+00   3.8020517e-02  -0.0000000e+00   2.7026316e-03
   0.0000000e+00   0.0000000e+00   0.0000000e+00   0.0000000e+00   0.0000000e+00   0.0000000e+00   0.0000000e+00   0.0000000e+00   0.0000000e+00   0.0000000e+00   0.0000000e+00   0.0000000e+00   0.0000000e+00   0.0000000e+00   0.0000000e+00   0.0000000e+00   0.0000000e+00   0.0000000e+00   0.0000000e+00  -3.1917913e-01   0.0000000e+00  -8.3370006e-02  -0.0000000e+00   4.2787515e-01  -0.0000000e+00   2.9446241e-01  -0.0000000e+00  -2.7031599e-01   0.0000000e+00  -5.6845137e-01   0.0000000e+00  -4.3469960e-01   0.0000000e+00  -1.8497401e-01   0.0000000e+00  -4.4459065e-02   0.0000000e+00  -5.0438463e-03   0.0000000e+00
   0.0000000e+00   0.0000000e+00   0.0000000e+00   0.0000000e+00   0.0000000e+00   0.0000000e+00   0.0000000e+00   0.0000000e+00   0.0000000e+00   0.0000000e+00   0.0000000e+00   0.0000000e+00   0.0000000e+00   0.0000000e+00   0.0000000e+00   0.0000000e+00   0.0000000e+00   0.0000000e+00   0.0000000e+00   0.0000000e+00  -2.7398180e-01   0.0000000e+00  -4.7073070e-01   0.0000000e+00  -8.1681746e-02  -0.0000000e+00   4.2357479e-01  -0.0000000e+00   5.7432433e-01  -0.0000000e+00   3.9616499e-01  -0.0000000e+00   1.6865573e-01  -0.0000000e+00   4.4459065e-02  -0.0000000e+00   6.5147480e-03  -0.0000000e+00   3.5037118e-04
   0.0000000e+00   0.0000000e+00   0.0000000e+00   0.0000000e+00   0.0000000e+00   0.0000000e+00   0.0000000e+00   0.0000000e+00   0.0000000e+00   0.0000000e+00   0.0000000e+00   0.0000000e+00   0.0000000e+00   0.0000000e+00   0.0000000e+00   0.0000000e+00   0.0000000e+00   0.0000000e+00   0.0000000e+00   3.6340143e-01  -0.0000000e+00   2.6849062e-01  -0.0000000e+00  -2.3264246e-01   0.0000000e+00  -5.6111971e-01   0.0000000e+00  -5.4400125e-01   0.0000000e+00  -3.3248365e-01   0.0000000e+00  -1.3748926e-01   0.0000000e+00  -3.8020517e-02   0.0000000e+00  -6.5147480e-03   0.0000000e+00  -5.5785945e-04   0.0000000e+00
   0.0000000e+00   0.0000000e+00   0.0000000e+00   0.0000000e+00   0.0000000e+00   0.0000000e+00   0.0000000e+00   0.0000000e+00   0.0000000e+00   0.0000000e+00   0.0000000e+00   0.0000000e+00   0.0000000e+00   0.0000000e+00   0.0000000e+00   0.0000000e+00   0.0000000e+00   0.0000000e+00   0.0000000e+00   0.0000000e+00   2.2679094e-01  -0.0000000e+00   5.5371549e-01  -0.0000000e+00   6.0851530e-01  -0.0000000e+00   4.5079444e-01  -0.0000000e+00   2.4218603e-01  -0.0000000e+00   9.5205250e-02  -0.0000000e+00   2.6733126e-02  -0.0000000e+00   5.0438463e-03  -0.0000000e+00   5.5785945e-04  -0.0000000e+00   2.3516563e-05
   0.0000000e+00   0.0000000e+00   0.0000000e+00   0.0000000e+00   0.0000000e+00   0.0000000e+00   0.0000000e+00   0.0000000e+00   0.0000000e+00   0.0000000e+00   0.0000000e+00   0.0000000e+00   0.0000000e+00   0.0000000e+00   0.0000000e+00   0.0000000e+00   0.0000000e+00   0.0000000e+00   0.0000000e+00  -5.0711995e-01   0.0000000e+00  -6.4716363e-01   0.0000000e+00  -4.7448588e-01   0.0000000e+00  -2.8070963e-01   0.0000000e+00  -1.3232779e-01   0.0000000e+00  -4.8704533e-02   0.0000000e+00  -1.3551712e-02   0.0000000e+00  -2.7026316e-03   0.0000000e+00  -3.5037118e-04   0.0000000e+00  -2.3516563e-05   0.0000000e+00
