   9.7656250e-04  -0.0000000e+00   1.4842465e-02  -0.0000000e+00   8.3523216e-02  -0.0000000e+00   2.6675176e-01  -0.0000000e+00   5.5222861e-01  -0.0000000e+00   7.8529592e-01   0.0000000e+00   0.0000000e+00   0.0000000e+00   0.0000000e+00   0.0000000e+00   0.0000000e+00   0.0000000e+00   0.0000000e+00   0.0000000e+00   0.0000000e+00   0.0000000e+00   0.0000000e+00
   0.0000000e+00  -1.9531250e-02   0.0000000e+00  -1.3072813e-01   0.0000000e+00  -4.0544165e-01   0.0000000e+00  -6.8785502e-01   0.0000000e+00  -5.8736805e-01   0.0000000e+00   0.0000000e+00   0.0000000e+00   0.0000000e+00   0.0000000e+00   0.0000000e+00   0.0000000e+00   0.0000000e+00   0.0000000e+00   0.0000000e+00   0.0000000e+00   0.0000000e+00   0.0000000e+00
   1.4842465e-02  -0.0000000e+00   1.4746094e-01  -0.0000000e+00   4.7810190e-01  -0.0000000e+00   6.8448811e-01  -0.0000000e+00   2.5433782e-01   0.0000000e+00  -4.6501810e-01   0.0000000e+00   0.0000000e+00   0.0000000e+00   0.0000000e+00   0.0000000e+00   0.0000000e+00   0.0000000e+00   0.0000000e+00   0.0000000e+00   0.0000000e+00   0.0000000e+00   0.0000000e+00
   0.0000000e+00  -1.3072813e-01   0.0000000e+00  -5.0000000e-01   0.0000000e+00  -6.4612729e-01   0.0000000e+00   7.8436447e-17  -0.0000000e+00   5.6163127e-01  -0.0000000e+00   0.0000000e+00   0.0000000e+00   0.0000000e+00   0.0000000e+00   0.0000000e+00   0.0000000e+00   0.0000000e+00   0.0000000e+00   0.0000000e+00   0.0000000e+00   0.0000000e+00   0.0000000e+00
   8.3523216e-02  -0.0000000e+00   4.7810190e-01  -0.0000000e+00   6.2792969e-01  -0.0000000e+00  -1.4035007e-01   0.0000000e+00  -4.9716719e-01   0.0000000e+00   3.2136178e-01   0.0000000e+00   0.0000000e+00   0.0000000e+00   0.0000000e+00   0.0000000e+00   0.0000000e+00   0.0000000e+00   0.0000000e+00   0.0000000e+00   0.0000000e+00   0.0000000e+00   0.0000000e+00
   0.0000000e+00  -4.0544165e-01   0.0000000e+00  -6.4612729e-01   0.0000000e+00   1.8359375e-01  -0.0000000e+00   4.1751216e-01   0.0000000e+00  -4.5838142e-01   0.0000000e+00   0.0000000e+00   0.0000000e+00   0.0000000e+00   0.0000000e+00   0.0000000e+00   0.0000000e+00   0.0000000e+00   0.0000000e+00   0.0000000e+00   0.0000000e+00   0.0000000e+00   0.0000000e+00
   2.6675176e-01  -0.0000000e+00   6.8448811e-01  -0.0000000e+00  -1.4035007e-01   0.0000000e+00  -3.8574219e-01  -0.0000000e+00   4.9531073e-01  -0.0000000e+00  -2.1561916e-01   0.0000000e+00   0.0000000e+00   0.0000000e+00   0.0000000e+00   0.0000000e+00   0.0000000e+00   0.0000000e+00   0.0000000e+00   0.0000000e+00   0.0000000e+00   0.0000000e+00   0.0000000e+00
   0.0000000e+00  -6.8785502e-01   0.0000000e+00   7.8436447e-17  -0.0000000e+00   4.1751216e-01   0.0000000e+00  -5.0000000e-01   0.0000000e+00   3.2021721e-01  -0.0000000e+00   0.0000000e+00   0.0000000e+00   0.0000000e+00   0.0000000e+00   0.0000000e+00   0.0000000e+00   0.0000000e+00   0.0000000e+00   0.0000000e+00   0.0000000e+00   0.0000000e+00   0.0000000e+00
   5.5222861e-01  -0.0000000e+00   2.5433782e-01   0.0000000e+00  -4.9716719e-01  -0.0000000e+00   4.9531073e-01  -0.0000000e+00  -3.4960938e-01   0.0000000e+00   1.2498474e-01   0.0000000e+00   0.0000000e+00   0.0000000e+00   0.0000000e+00   0.0000000e+00   0.0000000e+00   0.0000000e+00   0.0000000e+00   0.0000000e+00   0.0000000e+00   0.0000000e+00   0.0000000e+00
   0.0000000e+00  -5.8736805e-01  -0.0000000e+00   5.6163127e-01  -0.0000000e+00  -4.5838142e-01   0.0000000e+00   3.2021721e-01  -0.0000000e+00  -1.6406250e-01   0.0000000e+00   0.0000000e+00   0.0000000e+00   0.0000000e+00   0.0000000e+00   0.0000000e+00   0.0000000e+00   0.0000000e+00   0.0000000e+00   0.0000000e+00   0.0000000e+00   0.0000000e+00   0.0000000e+00
   7.8529592e-01  -0.0000000e+00  -4.6501810e-01   0.0000000e+00   3.2136178e-01  -0.0000000e+00  -2.1561916e-01   0.0000000e+00   1.2498474e-01  -0.0000000e+00  -4.1015625e-02   0.0000000e+00   0.0000000e+00   0.0000000e+00   0.0000000e+00   0.0000000e+00   0.0000000e+00   0.0000000e+00   0.0000000e+00   0.0000000e+00   0.0000000e+00   0.0000000e+00   0.0000000e+00
   0.0000000e+00   0.0000000e+00   0.0000000e+00   0.0000000e+00   0.0000000e+00   0.0000000e+00   0.0000000e+00   0.0000000e+00   0.0000000e+00   0.0000000e+00   0.0000000e+00   0.0000000e+00  -3.3321251e-01   0.0000000e+00   3.3846028e-01   0.0000000e+00  -3.5033967e-01   0.0000000e+00   3.7296506e-01   0.0000000e+00  -4.1975833e-01   0.0000000e+00   5.7997947e-01
   0.0000000e+00   0.0000000e+00   0.0000000e+00   0.0000000e+00   0.0000000e+00   0.0000000e+00   0.0000000e+00   0.0000000e+00   0.0000000e+00   0.0000000e+00   0.0000000e+00   3.3321251e-01  -0.0000000e+00  -4.6765008e-01   0.0000000e+00   4.5637974e-01  -0.0000000e+00  -4.3552936e-01   0.0000000e+00   4.0022386e-01  -0.0000000e+00  -3.3485131e-01   0.0000000e+00
   0.0000000e+00   0.0000000e+00   0.0000000e+00   0.0000000e+00   0.0000000e+00   0.0000000e+00   0.0000000e+00   0.0000000e+00   0.0000000e+00   0.0000000e+00   0.0000000e+00   0.0000000e+00   4.6765008e-01  -0.0000000e+00  -4.1655170e-01   0.0000000e+00   3.1014124e-01  -0.0000000e+00  -1.3689999e-01   0.0000000e+00  -1.3594929e-01  -0.0000000e+00   6.8875008e-01
   0.0000000e+00   0.0000000e+00   0.0000000e+00   0.0000000e+00   0.0000000e+00   0.0000000e+00   0.0000000e+00   0.0000000e+00   0.0000000e+00   0.0000000e+00   0.0000000e+00  -3.3846028e-01   0.0000000e+00   4.1655170e-01  -0.0000000e+00  -2.3534954e-01   0.0000000e+00  -4.7641840e-02  -0.0000000e+00   3.9401846e-01   0.0000000e+00  -7.0641321e-01   0.0000000e+00
   0.0000000e+00   0.0000000e+00   0.0000000e+00   0.0000000e+00   0.0000000e+00   0.0000000e+00   0.0000000e+00   0.0000000e+00   0.0000000e+00   0.0000000e+00   0.0000000e+00   0.0000000e+00  -4.5637974e-01   0.0000000e+00   2.3534954e-01  -0.0000000e+00   1.3435456e-01   0.0000000e+00  -4.9510852e-01   0.0000000e+00   5.5722625e-01  -0.0000000e+00   4.0329075e-01
   0.0000000e+00   0.0000000e+00   0.0000000e+00   0.0000000e+00   0.0000000e+00   0.0000000e+00   0.0000000e+00   0.0000000e+00   0.0000000e+00   0.0000000e+00   0.0000000e+00   3.5033967e-01  -0.0000000e+00  -3.1014124e-01   0.0000000e+00  -1.3435456e-01  -0.0000000e+00   5.2272828e-01  -0.0000000e+00  -4.0784786e-01   0.0000000e+00  -5.6871666e-01   0.0000000e+00
   0.0000000e+00   0.0000000e+00   0.0000000e+00   0.0000000e+00   0.0000000e+00   0.0000000e+00   0.0000000e+00   0.0000000e+00   0.0000000e+00   0.0000000e+00   0.0000000e+00   0.0000000e+00   4.3552936e-01  -0.0000000e+00   4.7641840e-02   0.0000000e+00  -5.2272828e-01   0.0000000e+00   3.2425699e-01  -0.0000000e+00   6.3603689e-01  -0.0000000e+00   1.5847416e-01
   0.0000000e+00   0.0000000e+00   0.0000000e+00   0.0000000e+00   0.0000000e+00   0.0000000e+00   0.0000000e+00   0.0000000e+00   0.0000000e+00   0.0000000e+00   0.0000000e+00  -3.7296506e-01   0.0000000e+00   1.3689999e-01  -0.0000000e+00   4.9510852e-01  -0.0000000e+00  -3.2425699e-01   0.0000000e+00  -6.5553754e-01   0.0000000e+00  -2.4930093e-01   0.0000000e+00
   0.0000000e+00   0.0000000e+00   0.0000000e+00   0.0000000e+00   0.0000000e+00   0.0000000e+00   0.0000000e+00   0.0000000e+00   0.0000000e+00   0.0000000e+00   0.0000000e+00   0.0000000e+00  -4.0022386e-01   0.0000000e+00  -3.9401846e-01   0.0000000e+00   4.0784786e-01  -0.0000000e+00   6.5553754e-01  -0.0000000e+00   2.9501240e-01  -0.0000000e+00   3.8323080e-02
   0.0000000e+00   0.0000000e+00   0.0000000e+00   0.0000000e+00   0.0000000e+00   0.0000000e+00   0.0000000e+00   0.0000000e+00   0.0000000e+00   0.0000000e+00   0.0000000e+00   4.1975833e-01  -0.0000000e+00   1.3594929e-01   0.0000000e+00  -5.5722625e-01   0.0000000e+00  -6.3603689e-01   0.0000000e+00  -2.9501240e-01   0.0000000e+00  -5.6959635e-02   0.0000000e+00
   0.0000000e+00   0.0000000e+00   0.0000000e+00   0.0000000e+00   0.0000000e+00   0.0000000e+00   0.0000000e+00   0.0000000e+00   0.0000000e+00   0.0000000e+00   0.0000000e+00   0.0000000e+00   3.3485131e-01  -0.0000000e+00   7.0641321e-01  -0.0000000e+00   5.6871666e-01  -0.0000000e+00   2.4930093e-01  -0.0000000e+00   5.6959635e-02  -0.0000000e+00   4.5804841e-03
   0.0000000e+00   0.0000000e+00   0.0000000e+00   0.0000000e+00   0.0000000e+00   0.0000000e+00   0.0000000e+00   0.0000000e+00   0.0000000e+00   0.0000000e+00   0.0000000e+00  -5.7997947e-01   0.0000000e+00  -6.8875008e-01   0.0000000e+00  -4.0329075e-01   0.0000000e+00  -1.5847416e-01   0.0000000e+00  -3.8323080e-02   0.0000000e+00  -4.5804841e-03   0.0000000e+00
