   2.4414064e-04  -0.0000000e+00   4.4013077e-03  -0.0000000e+00   2.9851121e-02  -0.0000000e+00   1.1714426e-01  -0.0000000e+00   3.0515381e-01  -0.0000000e+00   5.6267582e-01  -0.0000000e+00   7.5871192e-01   0.0000000e+00   0.0000000e+00   0.0000000e+00   0.0000000e+00   0.0000000e+00   0.0000000e+00   0.0000000e+00   0.0000000e+00   0.0000000e+00   0.0000000e+00   0.0000000e+00   0.0000000e+00   0.0000000e+00   0.0000000e+00
   0.0000000e+00  -5.8593750e-03   0.0000000e+00  -4.8828125e-02   0.0000000e+00  -1.9648088e-01   0.0000000e+00  -4.6599532e-01   0.0000000e+00  -6.7707551e-01   0.0000000e+00  -5.3234750e-01   0.0000000e+00   0.0000000e+00   0.0000000e+00   0.0000000e+00   0.0000000e+00   0.0000000e+00   0.0000000e+00   0.0000000e+00   0.0000000e+00   0.0000000e+00   0.0000000e+00   0.0000000e+00   0.0000000e+00   0.0000000e+00   0.0000000e+00
   4.4013077e-03  -0.0000000e+00   5.5908203e-02  -0.0000000e+00   2.4672050e-01  -0.0000000e+00   5.5232952e-01  -0.0000000e+00   6.2629485e-01  -0.0000000e+00   1.5605819e-01   0.0000000e+00  -4.6294342e-01   0.0000000e+00   0.0000000e+00   0.0000000e+00   0.0000000e+00   0.0000000e+00   0.0000000e+00   0.0000000e+00   0.0000000e+00   0.0000000e+00   0.0000000e+00   0.0000000e+00   0.0000000e+00   0.0000000e+00   0.0000000e+00
   0.0000000e+00  -4.8828125e-02   0.0000000e+00  -2.6367187e-01   0.0000000e+00  -5.8944264e-01   0.0000000e+00  -5.2812803e-01   0.0000000e+00   1.3541510e-01  -0.0000000e+00   5.3234750e-01  -0.0000000e+00   0.0000000e+00   0.0000000e+00   0.0000000e+00   0.0000000e+00   0.0000000e+00   0.0000000e+00   0.0000000e+00   0.0000000e+00   0.0000000e+00   0.0000000e+00   0.0000000e+00   0.0000000e+00   0.0000000e+00   0.0000000e+00
   2.9851121e-02  -0.0000000e+00   2.4672050e-01  -0.0000000e+00   5.9912109e-01  -0.0000000e+00   4.5029619e-01  -0.0000000e+00  -3.0447948e-01   0.0000000e+00  -4.1417146e-01   0.0000000e+00   3.3508121e-01   0.0000000e+00   0.0000000e+00   0.0000000e+00   0.0000000e+00   0.0000000e+00   0.0000000e+00   0.0000000e+00   0.0000000e+00   0.0000000e+00   0.0000000e+00   0.0000000e+00   0.0000000e+00   0.0000000e+00   0.0000000e+00
   0.0000000e+00  -1.9648088e-01   0.0000000e+00  -5.8944264e-01   0.0000000e+00  -4.2187500e-01   0.0000000e+00   3.8293206e-01  -0.0000000e+00   2.6921970e-01   0.0000000e+00  -4.6568005e-01   0.0000000e+00   0.0000000e+00   0.0000000e+00   0.0000000e+00   0.0000000e+00   0.0000000e+00   0.0000000e+00   0.0000000e+00   0.0000000e+00   0.0000000e+00   0.0000000e+00   0.0000000e+00   0.0000000e+00   0.0000000e+00   0.0000000e+00
   1.1714426e-01  -0.0000000e+00   5.5232952e-01  -0.0000000e+00   4.5029619e-01  -0.0000000e+00  -4.0478516e-01   0.0000000e+00  -1.6916849e-01  -0.0000000e+00   4.7610564e-01  -0.0000000e+00  -2.4350993e-01   0.0000000e+00   0.0000000e+00   0.0000000e+00   0.0000000e+00   0.0000000e+00   0.0000000e+00   0.0000000e+00   0.0000000e+00   0.0000000e+00   0.0000000e+00   0.0000000e+00   0.0000000e+00   0.0000000e+00   0.0000000e+00
   0.0000000e+00  -4.6599532e-01   0.0000000e+00  -5.2812803e-01   0.0000000e+00   3.8293206e-01  -0.0000000e+00   1.3476563e-01   0.0000000e+00  -4.5121415e-01   0.0000000e+00   3.6815241e-01  -0.0000000e+00   0.0000000e+00   0.0000000e+00   0.0000000e+00   0.0000000e+00   0.0000000e+00   0.0000000e+00   0.0000000e+00   0.0000000e+00   0.0000000e+00   0.0000000e+00   0.0000000e+00   0.0000000e+00   0.0000000e+00   0.0000000e+00
   3.0515381e-01  -0.0000000e+00   6.2629485e-01  -0.0000000e+00  -3.0447948e-01   0.0000000e+00  -1.6916849e-01  -0.0000000e+00   4.3823242e-01  -0.0000000e+00  -4.1641009e-01   0.0000000e+00   1.6692864e-01   0.0000000e+00   0.0000000e+00   0.0000000e+00   0.0000000e+00   0.0000000e+00   0.0000000e+00   0.0000000e+00   0.0000000e+00   0.0000000e+00   0.0000000e+00   0.0000000e+00   0.0000000e+00   0.0000000e+00   0.0000000e+00
   0.0000000e+00  -6.7707551e-01   0.0000000e+00   1.3541510e-01  -0.0000000e+00   2.6921970e-01   0.0000000e+00  -4.5121415e-01   0.0000000e+00   4.2773438e-01  -0.0000000e+00  -2.5337986e-01   0.0000000e+00   0.0000000e+00   0.0000000e+00   0.0000000e+00   0.0000000e+00   0.0000000e+00   0.0000000e+00   0.0000000e+00   0.0000000e+00   0.0000000e+00   0.0000000e+00   0.0000000e+00   0.0000000e+00   0.0000000e+00   0.0000000e+00
   5.6267582e-01  -0.0000000e+00   1.5605819e-01   0.0000000e+00  -4.1417146e-01  -0.0000000e+00   4.7610564e-01  -0.0000000e+00  -4.1641009e-01   0.0000000e+00   2.7905273e-01  -0.0000000e+00  -9.7772148e-02   0.0000000e+00   0.0000000e+00   0.0000000e+00   0.0000000e+00   0.0000000e+00   0.0000000e+00   0.0000000e+00   0.0000000e+00   0.0000000e+00   0.0000000e+00   0.0000000e+00   0.0000000e+00   0.0000000e+00   0.0000000e+00
   0.0000000e+00  -5.3234750e-01  -0.0000000e+00   5.3234750e-01  -0.0000000e+00  -4.6568005e-01   0.0000000e+00   3.6815241e-01  -0.0000000e+00  -2.5337986e-01   0.0000000e+00   1.2890625e-01  -0.0000000e+00   0.0000000e+00   0.0000000e+00   0.0000000e+00   0.0000000e+00   0.0000000e+00   0.0000000e+00   0.0000000e+00   0.0000000e+00   0.0000000e+00   0.0000000e+00   0.0000000e+00   0.0000000e+00   0.0000000e+00   0.0000000e+00
   7.5871192e-01  -0.0000000e+00  -4.6294342e-01   0.0000000e+00   3.3508121e-01  -0.0000000e+00  -2.4350993e-01   0.0000000e+00   1.6692864e-01  -0.0000000e+00  -9.7772148e-02   0.0000000e+00   3.2226563e-02   0.0000000e+00   0.0000000e+00   0.0000000e+00   0.0000000e+00   0.0000000e+00   0.0000000e+00   0.0000000e+00   0.0000000e+00   0.0000000e+00   0.0000000e+00   0.0000000e+00   0.0000000e+00   0.0000000e+00   0.0000000e+00
   0.0000000e+00   0.0000000e+00   0.0000000e+00   0.0000000e+00   0.0000000e+00   0.0000000e+00   0.0000000e+00   0.0000000e+00   0.0000000e+00   0.0000000e+00   0.0000000e+00   0.0000000e+00   0.0000000e+00   0.0000000e+00   3.0742181e-01   0.0000000e+00  -3.1089562e-01   0.0000000e+00   3.1847955e-01   0.0000000e+00  -3.3184809e-01   0.0000000e+00   3.5516344e-01   0.0000000e+00  -4.0147261e-01   0.0000000e+00   5.5674234e-01
   0.0000000e+00   0.0000000e+00   0.0000000e+00   0.0000000e+00   0.0000000e+00   0.0000000e+00   0.0000000e+00   0.0000000e+00   0.0000000e+00   0.0000000e+00   0.0000000e+00   0.0000000e+00   0.0000000e+00  -3.0742181e-01   0.0000000e+00   4.3236471e-01  -0.0000000e+00  -4.2493095e-01   0.0000000e+00   4.1160690e-01  -0.0000000e+00  -3.9048459e-01   0.0000000e+00   3.5710956e-01  -0.0000000e+00  -2.9759130e-01   0.0000000e+00
   0.0000000e+00   0.0000000e+00   0.0000000e+00   0.0000000e+00   0.0000000e+00   0.0000000e+00   0.0000000e+00   0.0000000e+00   0.0000000e+00   0.0000000e+00   0.0000000e+00   0.0000000e+00   0.0000000e+00   0.0000000e+00  -4.3236471e-01   0.0000000e+00   3.9838364e-01  -0.0000000e+00  -3.2847214e-01   0.0000000e+00   2.1780190e-01  -0.0000000e+00  -5.5501063e-02   0.0000000e+00  -1.8821326e-01  -0.0000000e+00   6.7861257e-01
   0.0000000e+00   0.0000000e+00   0.0000000e+00   0.0000000e+00   0.0000000e+00   0.0000000e+00   0.0000000e+00   0.0000000e+00   0.0000000e+00   0.0000000e+00   0.0000000e+00   0.0000000e+00   0.0000000e+00   3.1089562e-01  -0.0000000e+00  -3.9838364e-01   0.0000000e+00   2.7693877e-01  -0.0000000e+00  -8.3251595e-02   0.0000000e+00  -1.6673428e-01  -0.0000000e+00   4.4139923e-01   0.0000000e+00  -6.6209884e-01   0.0000000e+00
   0.0000000e+00   0.0000000e+00   0.0000000e+00   0.0000000e+00   0.0000000e+00   0.0000000e+00   0.0000000e+00   0.0000000e+00   0.0000000e+00   0.0000000e+00   0.0000000e+00   0.0000000e+00   0.0000000e+00   0.0000000e+00   4.2493095e-01  -0.0000000e+00  -2.7693877e-01   0.0000000e+00   1.4846480e-02  -0.0000000e+00   2.8960677e-01   0.0000000e+00  -5.1530701e-01   0.0000000e+00   4.5482645e-01  -0.0000000e+00   4.3155265e-01
   0.0000000e+00   0.0000000e+00   0.0000000e+00   0.0000000e+00   0.0000000e+00   0.0000000e+00   0.0000000e+00   0.0000000e+00   0.0000000e+00   0.0000000e+00   0.0000000e+00   0.0000000e+00   0.0000000e+00  -3.1847955e-01   0.0000000e+00   3.2847214e-01  -0.0000000e+00  -1.4846480e-02   0.0000000e+00  -3.4012636e-01  -0.0000000e+00   5.0923193e-01  -0.0000000e+00  -2.3938234e-01   0.0000000e+00  -5.9845585e-01   0.0000000e+00
   0.0000000e+00   0.0000000e+00   0.0000000e+00   0.0000000e+00   0.0000000e+00   0.0000000e+00   0.0000000e+00   0.0000000e+00   0.0000000e+00   0.0000000e+00   0.0000000e+00   0.0000000e+00   0.0000000e+00   0.0000000e+00  -4.1160690e-01   0.0000000e+00   8.3251595e-02  -0.0000000e+00   3.4012636e-01   0.0000000e+00  -4.9108084e-01   0.0000000e+00   8.7450068e-02  -0.0000000e+00   6.4803329e-01  -0.0000000e+00   1.9800994e-01
   0.0000000e+00   0.0000000e+00   0.0000000e+00   0.0000000e+00   0.0000000e+00   0.0000000e+00   0.0000000e+00   0.0000000e+00   0.0000000e+00   0.0000000e+00   0.0000000e+00   0.0000000e+00   0.0000000e+00   3.3184809e-01  -0.0000000e+00  -2.1780190e-01   0.0000000e+00  -2.8960677e-01  -0.0000000e+00   4.9108084e-01  -0.0000000e+00  -1.2788868e-02   0.0000000e+00  -6.4326862e-01   0.0000000e+00  -3.2163431e-01   0.0000000e+00
   0.0000000e+00   0.0000000e+00   0.0000000e+00   0.0000000e+00   0.0000000e+00   0.0000000e+00   0.0000000e+00   0.0000000e+00   0.0000000e+00   0.0000000e+00   0.0000000e+00   0.0000000e+00   0.0000000e+00   0.0000000e+00   3.9048459e-01  -0.0000000e+00   1.6673428e-01   0.0000000e+00  -5.0923193e-01   0.0000000e+00   1.2788868e-02  -0.0000000e+00   6.2989985e-01  -0.0000000e+00   3.9943227e-01  -0.0000000e+00   6.2616240e-02
   0.0000000e+00   0.0000000e+00   0.0000000e+00   0.0000000e+00   0.0000000e+00   0.0000000e+00   0.0000000e+00   0.0000000e+00   0.0000000e+00   0.0000000e+00   0.0000000e+00   0.0000000e+00   0.0000000e+00  -3.5516344e-01   0.0000000e+00   5.5501063e-02  -0.0000000e+00   5.1530701e-01  -0.0000000e+00  -8.7450068e-02   0.0000000e+00  -6.2989985e-01   0.0000000e+00  -4.3555892e-01   0.0000000e+00  -1.0537716e-01   0.0000000e+00
   0.0000000e+00   0.0000000e+00   0.0000000e+00   0.0000000e+00   0.0000000e+00   0.0000000e+00   0.0000000e+00   0.0000000e+00   0.0000000e+00   0.0000000e+00   0.0000000e+00   0.0000000e+00   0.0000000e+00   0.0000000e+00  -3.5710956e-01   0.0000000e+00  -4.4139923e-01   0.0000000e+00   2.3938234e-01  -0.0000000e+00   6.4326862e-01  -0.0000000e+00   4.3555892e-01  -0.0000000e+00   1.2912985e-01  -0.0000000e+00   1.2448778e-02
   0.0000000e+00   0.0000000e+00   0.0000000e+00   0.0000000e+00   0.0000000e+00   0.0000000e+00   0.0000000e+00   0.0000000e+00   0.0000000e+00   0.0000000e+00   0.0000000e+00   0.0000000e+00   0.0000000e+00   4.0147261e-01  -0.0000000e+00   1.8821326e-01   0.0000000e+00  -4.5482645e-01   0.0000000e+00  -6.4803329e-01   0.0000000e+00  -3.9943227e-01   0.0000000e+00  -1.2912985e-01   0.0000000e+00  -1.8989684e-02   0.0000000e+00
   0.0000000e+00   0.0000000e+00   0.0000000e+00   0.0000000e+00   0.0000000e+00   0.0000000e+00   0.0000000e+00   0.0000000e+00   0.0000000e+00   0.0000000e+00   0.0000000e+00   0.0000000e+00   0.0000000e+00   0.0000000e+00   2.9759130e-01  -0.0000000e+00   6.6209884e-01  -0.0000000e+00   5.9845585e-01  -0.0000000e+00   3.2163431e-01  -0.0000000e+00   1.0537716e-01  -0.0000000e+00   1.8989684e-02  -0.0000000e+00   1.2448778e-03
   0.0000000e+00   0.0000000e+00   0.0000000e+00   0.0000000e+00   0.0000000e+00   0.0000000e+00   0.0000000e+00   0.0000000e+00   0.0000000e+00   0.0000000e+00   0.0000000e+00   0.0000000e+00   0.0000000e+00  -5.5674234e-01   0.0000000e+00  -6.7861257e-01   0.0000000e+00  -4.3155265e-01   0.0000000e+00  -1.9800994e-01   0.0000000e+00  -6.2616240e-02   0.0000000e+00  -1.2448778e-02   0.0000000e+00  -1.2448778e-03   0.0000000e+00
