   6.1035301e-05  -0.0000000e+00   1.2729891e-03  -0.0000000e+00   1.0104038e-02  -0.0000000e+00   4.7031737e-02  -0.0000000e+00   1.4766125e-01  -0.0000000e+00   3.3455404e-01  -0.0000000e+00   5.6763754e-01  -0.0000000e+00   7.3603103e-01   0.0000000e+00   0.0000000e+00   0.0000000e+00   0.0000000e+00   0.0000000e+00   0.0000000e+00   0.0000000e+00   0.0000000e+00   0.0000000e+00   0.0000000e+00   0.0000000e+00   0.0000000e+00   0.0000000e+00   0.0000000e+00   0.0000000e+00   0.0000000e+00
   0.0000000e+00  -1.7089844e-03   0.0000000e+00  -1.7040946e-02   0.0000000e+00  -8.4132928e-02   0.0000000e+00  -2.5439406e-01   0.0000000e+00  -5.0579816e-01   0.0000000e+00  -6.5889208e-01   0.0000000e+00  -4.8779242e-01   0.0000000e+00   0.0000000e+00   0.0000000e+00   0.0000000e+00   0.0000000e+00   0.0000000e+00   0.0000000e+00   0.0000000e+00   0.0000000e+00   0.0000000e+00   0.0000000e+00   0.0000000e+00   0.0000000e+00   0.0000000e+00   0.0000000e+00   0.0000000e+00   0.0000000e+00
   1.2729891e-03  -0.0000000e+00   1.9714355e-02  -0.0000000e+00   1.0997050e-01  -0.0000000e+00   3.3148488e-01  -0.0000000e+00   5.8762465e-01  -0.0000000e+00   5.6142234e-01  -0.0000000e+00   8.1648410e-02   0.0000000e+00  -4.5876983e-01   0.0000000e+00   0.0000000e+00   0.0000000e+00   0.0000000e+00   0.0000000e+00   0.0000000e+00   0.0000000e+00   0.0000000e+00   0.0000000e+00   0.0000000e+00   0.0000000e+00   0.0000000e+00   0.0000000e+00   0.0000000e+00   0.0000000e+00   0.0000000e+00
   0.0000000e+00  -1.7040946e-02   0.0000000e+00  -1.1914062e-01   0.0000000e+00  -3.7606850e-01   0.0000000e+00  -6.1229768e-01   0.0000000e+00  -4.0579962e-01   0.0000000e+00   2.2655408e-01  -0.0000000e+00   5.0316903e-01  -0.0000000e+00   0.0000000e+00   0.0000000e+00   0.0000000e+00   0.0000000e+00   0.0000000e+00   0.0000000e+00   0.0000000e+00   0.0000000e+00   0.0000000e+00   0.0000000e+00   0.0000000e+00   0.0000000e+00   0.0000000e+00   0.0000000e+00   0.0000000e+00   0.0000000e+00
   1.0104038e-02  -0.0000000e+00   1.0997050e-01  -0.0000000e+00   3.9044189e-01  -0.0000000e+00   6.1281058e-01  -0.0000000e+00   2.6848383e-01   0.0000000e+00  -3.9408144e-01   0.0000000e+00  -3.3946218e-01  -0.0000000e+00   3.4235127e-01   0.0000000e+00   0.0000000e+00   0.0000000e+00   0.0000000e+00   0.0000000e+00   0.0000000e+00   0.0000000e+00   0.0000000e+00   0.0000000e+00   0.0000000e+00   0.0000000e+00   0.0000000e+00   0.0000000e+00   0.0000000e+00   0.0000000e+00   0.0000000e+00
   0.0000000e+00  -8.4132928e-02   0.0000000e+00  -3.7606850e-01   0.0000000e+00  -6.1059570e-01   0.0000000e+00  -1.8086191e-01  -0.0000000e+00   4.6234040e-01  -0.0000000e+00   1.4340015e-01   0.0000000e+00  -4.6003667e-01   0.0000000e+00   0.0000000e+00   0.0000000e+00   0.0000000e+00   0.0000000e+00   0.0000000e+00   0.0000000e+00   0.0000000e+00   0.0000000e+00   0.0000000e+00   0.0000000e+00   0.0000000e+00   0.0000000e+00   0.0000000e+00   0.0000000e+00   0.0000000e+00   0.0000000e+00
   4.7031737e-02  -0.0000000e+00   3.3148488e-01  -0.0000000e+00   6.1281058e-01  -0.0000000e+00   1.5130615e-01   0.0000000e+00  -4.8155742e-01   0.0000000e+00   6.5124826e-03  -0.0000000e+00   4.3535911e-01  -0.0000000e+00  -2.6076411e-01   0.0000000e+00   0.0000000e+00   0.0000000e+00   0.0000000e+00   0.0000000e+00   0.0000000e+00   0.0000000e+00   0.0000000e+00   0.0000000e+00   0.0000000e+00   0.0000000e+00   0.0000000e+00   0.0000000e+00   0.0000000e+00   0.0000000e+00   0.0000000e+00
   0.0000000e+00  -2.5439406e-01   0.0000000e+00  -6.1229768e-01   0.0000000e+00  -1.8086191e-01  -0.0000000e+00   4.8437500e-01  -0.0000000e+00  -9.3199065e-02   0.0000000e+00  -3.6422508e-01  -0.0000000e+00   3.8948564e-01  -0.0000000e+00   0.0000000e+00   0.0000000e+00   0.0000000e+00   0.0000000e+00   0.0000000e+00   0.0000000e+00   0.0000000e+00   0.0000000e+00   0.0000000e+00   0.0000000e+00   0.0000000e+00   0.0000000e+00   0.0000000e+00   0.0000000e+00   0.0000000e+00   0.0000000e+00
   1.4766125e-01  -0.0000000e+00   5.8762465e-01  -0.0000000e+00   2.6848383e-01   0.0000000e+00  -4.8155742e-01   0.0000000e+00   1.2091064e-01  -0.0000000e+00   3.0492174e-01   0.0000000e+00  -4.2867008e-01   0.0000000e+00   1.9379791e-01   0.0000000e+00   0.0000000e+00   0.0000000e+00   0.0000000e+00   0.0000000e+00   0.0000000e+00   0.0000000e+00   0.0000000e+00   0.0000000e+00   0.0000000e+00   0.0000000e+00   0.0000000e+00   0.0000000e+00   0.0000000e+00   0.0000000e+00   0.0000000e+00
   0.0000000e+00  -5.0579816e-01   0.0000000e+00  -4.0579962e-01  -0.0000000e+00   4.6234040e-01  -0.0000000e+00  -9.3199065e-02   0.0000000e+00  -2.8295898e-01  -0.0000000e+00   4.3030351e-01  -0.0000000e+00  -3.0302356e-01   0.0000000e+00   0.0000000e+00   0.0000000e+00   0.0000000e+00   0.0000000e+00   0.0000000e+00   0.0000000e+00   0.0000000e+00   0.0000000e+00   0.0000000e+00   0.0000000e+00   0.0000000e+00   0.0000000e+00   0.0000000e+00   0.0000000e+00   0.0000000e+00   0.0000000e+00
   3.3455404e-01  -0.0000000e+00   5.6142234e-01  -0.0000000e+00  -3.9408144e-01   0.0000000e+00   6.5124826e-03  -0.0000000e+00   3.0492174e-01   0.0000000e+00  -4.2730713e-01   0.0000000e+00   3.5199465e-01  -0.0000000e+00  -1.3441384e-01   0.0000000e+00   0.0000000e+00   0.0000000e+00   0.0000000e+00   0.0000000e+00   0.0000000e+00   0.0000000e+00   0.0000000e+00   0.0000000e+00   0.0000000e+00   0.0000000e+00   0.0000000e+00   0.0000000e+00   0.0000000e+00   0.0000000e+00   0.0000000e+00
   0.0000000e+00  -6.5889208e-01   0.0000000e+00   2.2655408e-01  -0.0000000e+00   1.4340015e-01   0.0000000e+00  -3.6422508e-01  -0.0000000e+00   4.3030351e-01  -0.0000000e+00  -3.6523438e-01   0.0000000e+00   2.0676967e-01  -0.0000000e+00   0.0000000e+00   0.0000000e+00   0.0000000e+00   0.0000000e+00   0.0000000e+00   0.0000000e+00   0.0000000e+00   0.0000000e+00   0.0000000e+00   0.0000000e+00   0.0000000e+00   0.0000000e+00   0.0000000e+00   0.0000000e+00   0.0000000e+00   0.0000000e+00
   5.6763754e-01  -0.0000000e+00   8.1648410e-02   0.0000000e+00  -3.3946218e-01  -0.0000000e+00   4.3535911e-01   0.0000000e+00  -4.2867008e-01   0.0000000e+00   3.5199465e-01  -0.0000000e+00  -2.2894287e-01   0.0000000e+00   7.9220788e-02   0.0000000e+00   0.0000000e+00   0.0000000e+00   0.0000000e+00   0.0000000e+00   0.0000000e+00   0.0000000e+00   0.0000000e+00   0.0000000e+00   0.0000000e+00   0.0000000e+00   0.0000000e+00   0.0000000e+00   0.0000000e+00   0.0000000e+00   0.0000000e+00
   0.0000000e+00  -4.8779242e-01  -0.0000000e+00   5.0316903e-01   0.0000000e+00  -4.6003667e-01   0.0000000e+00   3.8948564e-01  -0.0000000e+00  -3.0302356e-01   0.0000000e+00   2.0676967e-01  -0.0000000e+00  -1.0473633e-01   0.0000000e+00   0.0000000e+00   0.0000000e+00   0.0000000e+00   0.0000000e+00   0.0000000e+00   0.0000000e+00   0.0000000e+00   0.0000000e+00   0.0000000e+00   0.0000000e+00   0.0000000e+00   0.0000000e+00   0.0000000e+00   0.0000000e+00   0.0000000e+00   0.0000000e+00
   7.3603103e-01  -0.0000000e+00  -4.5876983e-01   0.0000000e+00   3.4235127e-01  -0.0000000e+00  -2.6076411e-01   0.0000000e+00   1.9379791e-01  -0.0000000e+00  -1.3441384e-01   0.0000000e+00   7.9220788e-02  -0.0000000e+00  -2.6184082e-02   0.0000000e+00   0.0000000e+00   0.0000000e+00   0.0000000e+00   0.0000000e+00   0.0000000e+00   0.0000000e+00   0.0000000e+00   0.0000000e+00   0.0000000e+00   0.0000000e+00   0.0000000e+00   0.0000000e+00   0.0000000e+00   0.0000000e+00   0.0000000e+00
   0.0000000e+00   0.0000000e+00   0.0000000e+00   0.0000000e+00   0.0000000e+00   0.0000000e+00   0.0000000e+00   0.0000000e+00   0.0000000e+00   0.0000000e+00   0.0000000e+00   0.0000000e+00   0.0000000e+00   0.0000000e+00   0.0000000e+00   0.0000000e+00  -2.8683225e-01   0.0000000e+00   2.8927342e-01   0.0000000e+00  -2.9448597e-01   0.0000000e+00   3.0327853e-01   0.0000000e+00  -3.1739197e-01   0.0000000e+00   3.4093366e-01   0.0000000e+00  -3.8658244e-01   0.0000000e+00   5.3752107e-01
   0.0000000e+00   0.0000000e+00   0.0000000e+00   0.0000000e+00   0.0000000e+00   0.0000000e+00   0.0000000e+00   0.0000000e+00   0.0000000e+00   0.0000000e+00   0.0000000e+00   0.0000000e+00   0.0000000e+00   0.0000000e+00   0.0000000e+00   2.8683225e-01  -0.0000000e+00  -4.0394834e-01   0.0000000e+00   3.9873589e-01  -0.0000000e+00  -3.8956832e-01   0.0000000e+00   3.7554324e-01  -0.0000000e+00  -3.5485501e-01   0.0000000e+00   3.2343807e-01  -0.0000000e+00  -2.6876053e-01   0.0000000e+00
   0.0000000e+00   0.0000000e+00   0.0000000e+00   0.0000000e+00   0.0000000e+00   0.0000000e+00   0.0000000e+00   0.0000000e+00   0.0000000e+00   0.0000000e+00   0.0000000e+00   0.0000000e+00   0.0000000e+00   0.0000000e+00   0.0000000e+00   0.0000000e+00   4.0394834e-01  -0.0000000e+00  -3.7999895e-01   0.0000000e+00   3.3108470e-01  -0.0000000e+00  -2.5483021e-01   0.0000000e+00   1.4649117e-01  -0.0000000e+00   4.0347885e-03   0.0000000e+00  -2.2417599e-01  -0.0000000e+00   6.6793728e-01
   0.0000000e+00   0.0000000e+00   0.0000000e+00   0.0000000e+00   0.0000000e+00   0.0000000e+00   0.0000000e+00   0.0000000e+00   0.0000000e+00   0.0000000e+00   0.0000000e+00   0.0000000e+00   0.0000000e+00   0.0000000e+00   0.0000000e+00  -2.8927342e-01   0.0000000e+00   3.7999895e-01  -0.0000000e+00  -2.9399380e-01   0.0000000e+00   1.5517262e-01  -0.0000000e+00   2.8644157e-02   0.0000000e+00  -2.4359566e-01  -0.0000000e+00   4.6324574e-01   0.0000000e+00  -6.2181577e-01   0.0000000e+00
   0.0000000e+00   0.0000000e+00   0.0000000e+00   0.0000000e+00   0.0000000e+00   0.0000000e+00   0.0000000e+00   0.0000000e+00   0.0000000e+00   0.0000000e+00   0.0000000e+00   0.0000000e+00   0.0000000e+00   0.0000000e+00   0.0000000e+00   0.0000000e+00  -3.9873589e-01   0.0000000e+00   2.9399380e-01  -0.0000000e+00  -1.0229864e-01   0.0000000e+00  -1.3928972e-01  -0.0000000e+00   3.7057634e-01   0.0000000e+00  -4.9867904e-01   0.0000000e+00   3.6769627e-01  -0.0000000e+00   4.5111257e-01
   0.0000000e+00   0.0000000e+00   0.0000000e+00   0.0000000e+00   0.0000000e+00   0.0000000e+00   0.0000000e+00   0.0000000e+00   0.0000000e+00   0.0000000e+00   0.0000000e+00   0.0000000e+00   0.0000000e+00   0.0000000e+00   0.0000000e+00   2.9448597e-01  -0.0000000e+00  -3.3108470e-01   0.0000000e+00   1.0229864e-01  -0.0000000e+00   1.9016394e-01   0.0000000e+00  -4.2205711e-01   0.0000000e+00   4.4134584e-01  -0.0000000e+00  -1.0501063e-01   0.0000000e+00  -6.1080931e-01   0.0000000e+00
   0.0000000e+00   0.0000000e+00   0.0000000e+00   0.0000000e+00   0.0000000e+00   0.0000000e+00   0.0000000e+00   0.0000000e+00   0.0000000e+00   0.0000000e+00   0.0000000e+00   0.0000000e+00   0.0000000e+00   0.0000000e+00   0.0000000e+00   0.0000000e+00   3.8956832e-01  -0.0000000e+00  -1.5517262e-01   0.0000000e+00  -1.9016394e-01  -0.0000000e+00   4.3714996e-01  -0.0000000e+00  -3.7120770e-01   0.0000000e+00  -8.7858194e-02  -0.0000000e+00   6.3093824e-01  -0.0000000e+00   2.3086422e-01
   0.0000000e+00   0.0000000e+00   0.0000000e+00   0.0000000e+00   0.0000000e+00   0.0000000e+00   0.0000000e+00   0.0000000e+00   0.0000000e+00   0.0000000e+00   0.0000000e+00   0.0000000e+00   0.0000000e+00   0.0000000e+00   0.0000000e+00  -3.0327853e-01   0.0000000e+00   2.5483021e-01  -0.0000000e+00   1.3928972e-01   0.0000000e+00  -4.3714996e-01   0.0000000e+00   3.2868469e-01  -0.0000000e+00   2.0261879e-01   0.0000000e+00  -5.8398819e-01   0.0000000e+00  -3.7742785e-01   0.0000000e+00
   0.0000000e+00   0.0000000e+00   0.0000000e+00   0.0000000e+00   0.0000000e+00   0.0000000e+00   0.0000000e+00   0.0000000e+00   0.0000000e+00   0.0000000e+00   0.0000000e+00   0.0000000e+00   0.0000000e+00   0.0000000e+00   0.0000000e+00   0.0000000e+00  -3.7554324e-01   0.0000000e+00  -2.8644157e-02  -0.0000000e+00   4.2205711e-01  -0.0000000e+00  -3.2868469e-01   0.0000000e+00  -2.5394504e-01  -0.0000000e+00   5.2658295e-01  -0.0000000e+00   4.7182552e-01  -0.0000000e+00   8.7085854e-02
   0.0000000e+00   0.0000000e+00   0.0000000e+00   0.0000000e+00   0.0000000e+00   0.0000000e+00   0.0000000e+00   0.0000000e+00   0.0000000e+00   0.0000000e+00   0.0000000e+00   0.0000000e+00   0.0000000e+00   0.0000000e+00   0.0000000e+00   3.1739197e-01  -0.0000000e+00  -1.4649117e-01   0.0000000e+00  -3.7057634e-01   0.0000000e+00   3.7120770e-01  -0.0000000e+00   2.5394504e-01   0.0000000e+00  -4.9112389e-01   0.0000000e+00  -5.2259019e-01   0.0000000e+00  -1.5456206e-01   0.0000000e+00
   0.0000000e+00   0.0000000e+00   0.0000000e+00   0.0000000e+00   0.0000000e+00   0.0000000e+00   0.0000000e+00   0.0000000e+00   0.0000000e+00   0.0000000e+00   0.0000000e+00   0.0000000e+00   0.0000000e+00   0.0000000e+00   0.0000000e+00   0.0000000e+00   3.5485501e-01  -0.0000000e+00   2.4359566e-01   0.0000000e+00  -4.4134584e-01   0.0000000e+00  -2.0261879e-01  -0.0000000e+00   4.9112389e-01  -0.0000000e+00   5.4350403e-01  -0.0000000e+00   2.0437310e-01  -0.0000000e+00   2.3040751e-02
   0.0000000e+00   0.0000000e+00   0.0000000e+00   0.0000000e+00   0.0000000e+00   0.0000000e+00   0.0000000e+00   0.0000000e+00   0.0000000e+00   0.0000000e+00   0.0000000e+00   0.0000000e+00   0.0000000e+00   0.0000000e+00   0.0000000e+00  -3.4093366e-01   0.0000000e+00  -4.0347885e-03  -0.0000000e+00   4.9867904e-01  -0.0000000e+00   8.7858194e-02   0.0000000e+00  -5.2658295e-01   0.0000000e+00  -5.4350403e-01   0.0000000e+00  -2.3024943e-01   0.0000000e+00  -4.0584203e-02   0.0000000e+00
   0.0000000e+00   0.0000000e+00   0.0000000e+00   0.0000000e+00   0.0000000e+00   0.0000000e+00   0.0000000e+00   0.0000000e+00   0.0000000e+00   0.0000000e+00   0.0000000e+00   0.0000000e+00   0.0000000e+00   0.0000000e+00   0.0000000e+00   0.0000000e+00  -3.2343807e-01   0.0000000e+00  -4.6324574e-01   0.0000000e+00   1.0501063e-01  -0.0000000e+00   5.8398819e-01  -0.0000000e+00   5.2259019e-01  -0.0000000e+00   2.3024943e-01  -0.0000000e+00   5.0905077e-02  -0.0000000e+00   3.8890460e-03
   0.0000000e+00   0.0000000e+00   0.0000000e+00   0.0000000e+00   0.0000000e+00   0.0000000e+00   0.0000000e+00   0.0000000e+00   0.0000000e+00   0.0000000e+00   0.0000000e+00   0.0000000e+00   0.0000000e+00   0.0000000e+00   0.0000000e+00   3.8658244e-01  -0.0000000e+00   2.2417599e-01   0.0000000e+00  -3.6769627e-01   0.0000000e+00  -6.3093824e-01   0.0000000e+00  -4.7182552e-01   0.0000000e+00  -2.0437310e-01   0.0000000e+00  -5.0905077e-02   0.0000000e+00  -6.0427887e-03   0.0000000e+00
   0.0000000e+00   0.0000000e+00   0.0000000e+00   0.0000000e+00   0.0000000e+00   0.0000000e+00   0.0000000e+00   0.0000000e+00   0.0000000e+00   0.0000000e+00   0.0000000e+00   0.0000000e+00   0.0000000e+00   0.0000000e+00   0.0000000e+00   0.0000000e+00   2.6876053e-01  -0.0000000e+00   6.2181577e-01  -0.0000000e+00   6.1080931e-01  -0.0000000e+00   3.7742785e-01  -0.0000000e+00   1.5456206e-01  -0.0000000e+00   4.0584203e-02  -0.0000000e+00   6.0427887e-03  -0.0000000e+00   3.3430333e-04
   0.0000000e+00   0.0000000e+00   0.0000000e+00   0.0000000e+00   0.0000000e+00   0.0000000e+00   0.0000000e+00   0.0000000e+00   0.0000000e+00   0.0000000e+00   0.0000000e+00   0.0000000e+00   0.0000000e+00   0.0000000e+00   0.0000000e+00  -5.3752107e-01   0.0000000e+00  -6.6793728e-01   0.0000000e+00  -4.5111257e-01   0.0000000e+00  -2.3086422e-01   0.0000000e+00  -8.7085854e-02   0.0000000e+00  -2.3040751e-02   0.0000000e+00  -3.8890460e-03   0.0000000e+00  -3.3430333e-04   0.0000000e+00
